LAKE	ID	TL	AGE
A	542	700	35
A	543	175	3
A	544	226	4
A	545	267	5
A	547	274	5
A	552	451	14
A	553	478	11
A	554	440	12
A	556	531	11
A	559	395	10
A	564	555	12
A	566	395	9
A	568	620	19
A	572	496	14
A	573	538	16
A	575	224	5
A	577	477	12
A	580	268	5
A	581	218	5
A	583	570	14
A	584	549	13
A	585	465	11
A	591	526	9
A	597	154	3
A	600	552	11
A	605	601	42
A	610	523	10
A	611	159	3
A	616	324	9
B	155	570	15
B	156	628	16
B	157	573	15
B	159	95	1
B	160	181	3
B	161	446	9
B	162	615	32
B	168	542	17
B	173	585	20
B	178	557	11
B	179	616	21
B	181	405	8
B	182	445	9
B	185	383	7
B	186	592	17
B	187	592	25
B	190	597	13
B	191	366	6
B	194	593	21
B	203	190	3
B	209	221	5
B	212	540	11
B	214	417	5
B	219	365	6
B	220	600	15
B	221	644	23
B	223	581	10
B	225	638	17
B	227	585	14
B	232	195	3
B	234	147	2
B	235	188	3
B	236	202	3
B	238	133	2
B	240	708	26
B	241	634	29
B	272	640	50
B	274	632	30
B	275	650	20
B	276	583	10
B	277	608	25
B	280	654	13
B	281	515	10
B	285	515	9
B	286	704	23
B	320	492	11
B	323	592	13
B	325	495	9
B	328	476	9
B	329	217	3
B	378	594	23
B	382	524	10
B	385	662	40
B	386	550	12
B	388	624	22
B	389	430	7
B	392	672	28
B	397	695	36
B	398	466	8
B	399	584	24
B	400	555	13
B	402	399	7
C	403	511	13
C	405	661	16
C	406	558	12
C	408	493	9
C	409	545	10
C	411	576	29
C	415	485	10
C	416	403	7
C	418	536	19
C	419	494	9
C	420	419	7
C	423	490	10
C	424	223	3
C	428	621	9
C	432	634	23
C	433	615	13
C	434	541	27
C	436	133	2
C	438	643	25
C	439	796	36
C	440	722	34
C	441	647	23
C	442	560	29
C	445	638	17
C	446	591	23
C	454	550	17
C	455	521	7
C	463	599	28
C	464	550	9
C	466	195	3
C	468	508	12
C	471	539	9
C	472	157	2
C	473	538	11
C	476	140	2
C	477	133	2
C	480	591	12
C	483	544	11
C	487	636	33
C	489	717	24
C	497	545	10
C	498	537	10
C	502	542	11
C	503	580	10
C	504	511	9
C	505	662	34
C	508	556	10
C	509	608	12
C	510	550	12
C	511	616	17
C	512	565	34
C	513	688	26
C	515	715	13
C	516	561	12
C	518	462	7
C	519	482	7
C	520	641	42
C	521	535	10
C	522	542	9
C	523	490	11
C	528	428	7
C	529	565	21
