YEAR	AREA	STATION	N	CONDUCT	D1AUG	DEPTH	EFFORT	TEMP	TURBID
2003	A	F201	2	126.0	35	4.65	1435	20.20	14.70
2003	A	F202	5	127.0	34	3.78	1260	20.20	14.40
2003	A	F203	2	133.0	35	4.03	1420	20.20	11.60
2003	A	F204	5	134.0	41	4.23	1440	18.80	9.13
2003	A	F205	5	136.0	41	3.13	1300	19.60	7.04
2003	A	F206	0	168.0	48	6.18	1415	21.10	12.70
2003	A	F207	0	147.0	53	3.50	1435	19.60	17.90
2003	A	F208	1	150.0	53	3.23	1405	19.50	19.50
2003	A	F209	3	160.0	48	3.18	1315	21.20	20.50
2003	A	F210	6	156.0	46	2.78	1725	21.80	12.80
2003	A	F211	7	154.0	47	2.85	1320	21.70	9.30
2003	A	F214	1	132.0	33	3.75	1415	19.60	14.30
2003	A	F215	1	133.0	34	6.08	1330	19.90	12.60
2003	A	F216	2	142.0	33	5.00	1477	20.00	10.30
2003	A	F217	0	134.0	34	5.88	1570	19.80	11.40
2003	A	F218	2	141.0	33	3.53	1385	20.20	10.70
2003	A	F219	2	131.0	35	3.30	1300	20.60	11.50
2003	A	F220	0	148.0	34	3.08	1345	20.10	15.00
2003	A	F221	0	144.0	35	3.38	1285	20.50	13.10
2003	A	F222	0	152.0	42	3.55	1350	20.20	10.90
2003	A	F223	0	157.0	42	2.60	1440	19.40	13.70
2003	A	F224	3	187.0	46	4.85	1470	21.30	9.03
2003	A	F225	2	154.0	47	8.23	1375	21.50	14.00
2003	A	F226	0	203.0	46	3.15	1470	21.30	6.60
2003	A	F227	1	175.0	47	6.13	1470	21.40	13.40
2003	A	F228	5	205.0	42	5.93	1455	19.70	4.41
2003	A	F229	2	204.0	49	7.20	1665	21.20	7.28
2003	A	F230	0	210.0	49	4.08	1420	21.20	6.78
2003	A	F231	1	180.0	42	6.58	1459	19.70	5.06
2003	A	F232	4	202.0	48	3.45	1430	21.70	6.03
2003	A	F233	5	220.0	49	8.10	1350	21.70	4.19
2003	A	F234	0	204.0	49	4.13	1310	21.00	6.63
2003	A	F235	0	202.0	48	4.53	1315	21.40	6.73
2003	A	F236	2	221.0	54	4.85	1357	19.70	4.74
2003	A	F237	3	220.0	54	2.55	1385	19.70	6.85
2003	A	F239	0	249.0	48	6.63	1592	21.30	3.03
2003	A	F240	1	226.0	42	4.33	1596	19.70	3.57
2003	A	F241	3	126.0	39	3.63	1470	19.10	13.50
2003	A	F242	0	129.0	40	2.13	1350	19.10	14.90
2003	A	F243	0	131.0	39	2.73	1445	19.10	16.10
2003	A	F244	0	129.0	40	3.30	1320	19.50	14.10
2003	A	F246	0	127.0	41	2.60	1335	19.30	12.90
2003	A	F248	0	161.0	46	4.28	1443	21.80	8.40
2003	A	F249	3	206.0	48	7.23	1517	21.30	5.40
2003	A	F250	0	189.0	46	6.95	1402	21.60	4.50
2003	A	F251	1	269.0	47	7.35	1652	21.50	2.03
2003	A	F252	1	168.0	47	6.30	1572	21.50	14.30
2003	A	F253	2	228.0	48	4.65	1526	21.30	3.83
2003	A	F254	0	255.0	47	6.48	1455	21.50	1.50
2003	A	F255	1	165.0	42	2.10	1310	20.40	11.80
2003	A	F256	1	206.0	47	6.05	1350	21.50	7.14
2003	A	F257	0	212.0	49	6.70	1405	21.20	8.35
2010	A	F201	2	196.0	25	5.93	1415	21.45	6.41
2010	A	F202	0	199.0	26	3.10	1450	21.15	4.41
2010	A	F203	5	199.0	26	2.78	1505	21.26	6.13
2010	A	F204	10	204.0	24	5.55	1640	21.23	5.69
2010	A	F205	7	201.0	24	3.00	1535	21.07	9.53
2010	A	F206	1	212.0	25	4.48	1345	21.51	4.33
2010	A	F207	0	198.0	26	6.75	1309	21.92	4.10
2010	A	F208	1	196.0	26	3.23	1362	21.53	4.28
2010	A	F209	4	195.0	26	2.98	1451	21.17	5.34
2010	A	F210	1	197.0	25	2.38	1397	21.34	5.37
2010	A	F211	4	204.0	26	2.68	1454	21.22	5.62
2010	A	F212	0	200.0	25	2.35	1435	21.33	5.56
2010	A	F214	4	198.0	26	3.85	1515	21.00	4.09
2010	A	F215	3	195.0	25	5.98	1355	21.87	4.55
2010	A	F216	4	197.0	25	4.50	1463	21.90	3.68
2010	A	F217	3	200.0	24	5.98	565	21.73	7.12
2010	A	F218	1	199.0	23	3.25	1395	22.02	7.43
2010	A	F219	2	201.0	23	2.83	1315	22.07	7.63
2010	A	F220	0	216.0	23	4.98	1212	21.27	7.78
2010	A	F221	0	219.0	24	2.88	1379	21.48	7.18
2010	A	F222	4	216.0	23	2.20	1260	21.71	9.49
2010	A	F223	1	216.0	24	2.73	1315	21.73	7.53
2010	A	F224	3	205.0	19	4.65	1220	23.12	7.62
2010	A	F225	2	198.0	19	7.60	1150	22.82	8.62
2010	A	F226	5	214.0	25	5.63	1278	21.52	3.41
2010	A	F227	3	213.0	25	7.00	1383	21.56	3.32
2010	A	F228	3	242.0	23	5.95	1465	21.65	3.75
2010	A	F229	3	229.0	23	5.28	1510	22.65	4.30
2010	A	F230	2	224.0	17	4.53	1415	23.54	2.79
2010	A	F231	1	230.0	18	6.23	1530	24.06	2.74
2010	A	F232	0	227.0	18	2.60	1670	23.54	4.22
2010	A	F233	4	229.0	18	6.63	1250	24.21	2.43
2010	A	F234	2	230.0	17	3.40	1320	23.88	2.92
2010	A	F235	3	225.0	18	4.00	1449	23.27	4.22
2010	A	F236	1	230.0	17	3.70	1420	24.09	1.72
2010	A	F237	2	232.0	17	3.08	1525	23.87	2.30
2010	A	F238	7	235.0	17	7.40	1385	23.96	3.07
2010	A	F239	0	255.0	18	6.95	1565	23.59	1.47
2010	A	F240	0	258.0	17	4.48	1400	23.86	1.57
2010	A	F241	0	191.0	30	3.50	1550	23.02	7.60
2010	A	F242	1	191.0	30	2.25	1585	23.26	9.50
2010	A	F243	0	191.0	30	2.85	1635	23.31	10.29
2010	A	F244	0	191.0	30	2.85	1635	23.66	10.90
2010	A	F246	1	190.0	26	3.15	1300	21.56	4.52
2010	A	F249	0	220.0	23	7.30	1375	21.40	4.64
2010	A	F250	0	196.0	18	6.33	1455	23.15	2.29
2010	A	F251	0	281.0	19	6.98	870	23.28	2.59
2010	A	F252	1	198.0	19	5.63	1225	23.70	9.35
2010	A	F253	2	231.0	19	4.65	1445	23.31	4.53
2010	A	F254	2	224.0	18	4.18	1480	23.55	1.35
2010	A	F255	0	225.0	24	2.15	1335	22.21	6.77
2010	A	F256	1	218.0	19	6.38	1282	23.16	6.11
2010	A	F257	1	215.0	19	9.28	1230	23.10	5.90
2015	A	F201	3	171.0	66	4.25	1437	13.80	9.71
2015	A	F202	4	172.4	67	3.53	1740	14.20	11.40
2015	A	F203	2	173.7	67	3.25	1715	14.30	11.60
2015	A	F204	3	173.6	67	6.60	1502	14.00	10.22
2015	A	F205	4	172.8	67	3.40	1438	13.90	11.90
2015	A	F206	0	182.9	68	5.68	1610	14.10	10.20
2015	A	F207	0	175.1	67	7.78	1635	14.10	8.09
2015	A	F208	1	177.7	67	3.70	1615	14.00	9.02
2015	A	F209	0	176.7	67	3.68	1605	13.90	9.24
2015	A	F210	0	191.7	62	3.30	1465	15.30	12.50
2015	A	F214	1	174.6	66	4.28	1528	13.80	8.21
2015	A	F215	4	175.0	66	6.50	1590	14.00	9.34
2015	A	F216	2	172.0	66	5.50	1615	13.96	10.73
2015	A	F217	3	177.0	66	6.73	1555	14.03	10.40
2015	A	F218	4	178.0	66	4.65	1505	14.08	10.50
2015	A	F219	3	183.0	66	3.80	1480	13.71	11.30
2015	A	F220	0	210.0	61	5.43	1495	17.34	9.30
2015	A	F221	1	207.0	61	3.68	1485	17.30	8.63
2015	A	F222	4	190.0	62	3.80	1485	15.56	10.63
2015	A	F223	0	200.0	62	3.73	1465	15.78	9.57
2015	A	F224	0	210.9	62	5.68	1430	15.80	8.00
2015	A	F225	0	188.1	61	9.53	1585	16.70	10.47
2015	A	F226	1	186.8	61	7.20	1505	16.40	7.80
2015	A	F227	0	191.8	61	7.63	1455	16.50	10.15
2015	A	F228	1	272.0	60	6.53	1500	18.57	2.37
2015	A	F229	3	213.0	60	7.23	1570	18.55	5.35
2015	A	F230	2	214.0	61	5.10	1520	17.48	8.64
2015	A	F231	6	255.0	60	6.55	1645	18.48	3.14
2015	A	F232	4	235.1	60	3.83	1515	18.30	3.63
2015	A	F234	4	234.3	60	4.05	1500	18.20	4.75
2015	A	F235	5	226.2	59	4.83	1445	18.80	5.83
2015	A	F236	0	234.8	59	4.40	1367	18.70	3.04
2015	A	F237	0	228.5	59	2.80	1405	18.80	4.81
2015	A	F238	4	235.0	59	6.43	1580	18.93	3.47
2015	A	F239	0	281.0	59	6.80	1530	19.02	2.91
2015	A	F240	8	236.0	59	5.68	1410	18.77	4.41
2015	A	F241	5	170.4	69	4.40	1455	13.80	7.91
2015	A	F242	1	169.4	69	2.75	1430	13.80	7.52
2015	A	F243	0	169.1	69	3.38	1403	13.80	8.77
2015	A	F244	2	169.7	68	2.88	1487	14.00	7.69
2015	A	F246	0	169.7	68	3.48	1543	14.00	9.32
2015	A	F248	1	210.9	69	6.00	1370	14.40	4.57
2015	A	F249	2	209.4	69	7.15	1425	14.30	5.11
2015	A	F250	1	194.8	69	5.65	1480	14.80	6.50
2015	A	F251	0	294.0	68	8.10	1650	15.10	1.53
2015	A	F252	2	189.0	68	5.75	1670	14.63	6.56
2015	A	F253	0	254.0	68	4.73	1705	15.00	2.55
2015	A	F254	1	261.0	68	6.97	1615	14.90	2.45
2015	A	F255	1	204.0	61	2.73	1585	17.29	11.90
2015	A	F256	1	241.0	62	6.53	1440	16.48	6.08
2015	A	F257	0	215.5	60	10.88	1480	18.50	5.87
2020	A	F201	0	150.6	34	6.05	1455	20.20	14.10
2020	A	F202	2	172.1	40	3.35	1510	19.00	12.90
2020	A	F203	3	163.5	40	3.78	1535	19.00	13.70
2020	A	F204	0	168.4	40	6.88	1570	19.00	11.50
2020	A	F205	0	174.1	41	3.75	1460	18.70	10.73
2020	A	F206	0	178.6	41	4.93	1440	18.50	9.01
2020	A	F207	0	164.0	41	8.18	1400	18.30	10.72
2020	A	F208	0	149.5	45	3.53	1435	17.70	13.00
2020	A	F209	0	151.2	45	3.88	1415	17.60	13.30
2020	A	F210	2	134.0	33	2.85	1513	20.15	13.90
2020	A	F211	4	136.0	33	3.43	1481	19.99	17.30
2020	A	F212	0	130.0	33	2.63	1459	19.58	18.50
2020	A	F214	0	155.0	34	4.53	1465	20.20	10.25
2020	A	F215	0	157.7	34	6.78	1480	20.20	9.77
2020	A	F216	1	158.8	33	5.88	1485	20.30	13.30
2020	A	F217	0	162.4	33	6.58	1515	20.30	12.00
2020	A	F218	0	162.5	33	3.55	1565	20.40	13.90
2020	A	F219	0	163.9	32	4.00	1465	20.10	11.70
2020	A	F220	1	139.0	45	4.05	1413	18.08	8.45
2020	A	F221	0	202.0	32	3.95	1525	20.30	8.47
2020	A	F222	1	188.5	32	3.58	1495	20.20	11.30
2020	A	F223	0	151.0	32	3.80	1490	20.04	14.00
2020	A	F224	2	156.0	32	5.83	1505	20.03	11.30
2020	A	F225	1	137.0	34	8.85	1547	20.63	12.70
2020	A	F226	0	134.0	34	6.78	1489	20.51	15.20
2020	A	F227	1	134.0	34	7.98	1440	20.51	14.20
2020	A	F228	1	265.0	31	6.68	1437	20.65	6.14
2020	A	F229	3	141.0	45	8.10	1345	18.13	6.40
2020	A	F230	5	167.0	41	5.08	1434	18.90	6.66
2020	A	F231	2	236.0	41	6.13	1463	19.39	7.48
2020	A	F232	2	200.0	41	3.15	1415	19.11	4.98
2020	A	F233	1	205.0	40	5.05	1524	19.41	5.76
2020	A	F234	2	200.0	40	4.23	1508	19.56	5.14
2020	A	F235	4	204.0	40	5.20	1488	19.54	6.86
2020	A	F236	8	209.0	39	4.55	1538	20.17	7.98
2020	A	F237	1	198.0	39	3.60	1545	20.15	6.73
2020	A	F238	1	227.0	41	7.53	1486	19.29	5.55
2020	A	F239	1	266.0	39	7.43	1442	20.43	17.40
2020	A	F240	4	214.0	39	5.80	1470	20.29	11.80
2020	A	F242	2	145.7	39	3.05	1410	19.90	10.65
2020	A	F243	0	138.9	39	3.40	1395	19.90	12.03
2020	A	F244	0	138.8	39	3.43	1395	19.90	11.70
2020	A	F246	1	171.9	41	3.73	1500	18.70	8.99
2020	A	F248	0	209.0	31	13.60	1410	20.90	7.24
2020	A	F249	0	187.7	31	8.28	1425	20.80	8.23
2020	A	F250	2	179.5	31	6.60	1460	20.20	9.90
2020	A	F251	0	288.0	31	8.18	1421	20.85	3.45
2020	A	F252	1	137.0	45	5.78	1399	18.14	7.99
2020	A	F253	1	211.0	45	4.88	1370	18.55	5.86
2020	A	F254	6	275.0	31	3.45	1451	20.72	7.43
2020	A	F255	2	165.0	32	2.95	1466	19.92	16.90
2020	A	F256	0	189.4	45	6.00	1455	18.70	7.19
2001	B	F105	0	148.0	57	7.68	1395	18.20	8.53
2001	B	F107	1	148.0	57	1.73	1485	18.10	14.23
2001	B	F109	0	146.0	57	6.70	1485	18.20	11.60
2001	B	F110	0	258.0	62	7.50	1430	17.00	10.70
2001	B	F111	1	52.0	62	2.43	1460	16.00	11.23
2001	B	F112	3	245.0	63	6.00	1495	17.00	6.37
2001	B	F113	0	202.0	62	6.55	1505	16.80	7.57
2001	B	F114	1	278.0	63	1.65	1510	16.40	5.77
2001	B	F115	0	284.0	64	5.50	1475	16.40	14.03
2001	B	F116	1	252.0	63	6.10	1425	17.10	5.93
2001	B	F117	0	52.0	64	1.95	1620	15.40	10.07
2001	B	F118	0	210.0	64	6.13	1575	16.40	7.73
2001	B	F119	2	278.0	65	10.38	1435	15.00	10.37
2001	B	F122	0	127.0	70	7.78	1470	11.80	7.70
2001	B	F123	3	287.0	71	4.20	1585	12.90	12.10
2001	B	F124	1	279.0	37	2.06	1590	20.40	10.40
2001	B	F125	4	279.0	37	1.65	1750	27.20	11.73
2001	B	F126	0	283.0	71	3.25	1515	13.20	9.90
2001	B	F127	4	109.0	70	2.25	1470	11.80	7.83
2001	B	F129	2	278.0	39	2.60	1500	21.80	12.53
2001	B	F130	4	279.0	38	1.95	1495	21.00	9.50
2001	B	F131	4	283.0	37	3.20	1455	20.30	9.83
2001	B	F132	3	280.0	38	3.73	1470	22.40	13.23
2001	B	F133	2	284.0	39	6.60	1620	21.80	16.57
2001	B	F134	5	282.0	38	1.79	1680	22.70	35.27
2001	B	F135	2	286.0	51	1.80	1440	18.60	7.80
2001	B	F136	0	286.0	71	6.55	1410	13.90	8.38
2001	B	F137	0	277.0	39	8.20	1680	21.90	15.37
2001	B	F138	3	282.0	36	2.06	1450	20.60	7.27
2001	B	F139	0	282.0	50	7.45	1290	18.70	12.47
2001	B	F140	0	285.0	51	6.33	1350	19.10	4.70
2001	B	F141	1	283.0	51	1.63	1485	17.50	7.37
2001	B	F142	5	161.0	36	2.45	1440	20.00	12.03
2001	B	F143	4	281.0	36	8.43	1530	20.70	7.73
2001	B	F144	0	286.0	49	7.70	1445	19.10	5.13
2001	B	F146	2	141.0	40	6.83	1575	21.60	17.63
2001	B	F147	1	281.0	40	9.73	1575	22.40	16.60
2001	B	F148	1	284.0	49	2.44	1625	19.50	9.17
2001	B	F149	3	130.0	40	2.48	1545	21.30	21.47
2001	B	F150	3	281.0	48	7.63	1415	19.40	17.10
2001	B	F151	1	286.0	48	2.83	1365	19.60	23.87
2001	B	F152	1	282.0	48	2.60	1340	19.60	14.30
2001	B	F153	1	155.0	42	2.58	1530	20.00	18.87
2001	B	F154	0	246.0	41	8.33	1650	22.00	21.83
2001	B	F155	2	277.0	41	7.18	1595	22.10	10.00
2001	B	F156	1	261.0	41	1.80	1455	19.60	4.67
2001	B	F157	0	241.0	42	7.78	1560	21.40	15.10
2001	B	F158	0	278.0	42	7.05	1620	21.50	15.47
2001	B	F159	0	172.0	43	2.40	1490	20.80	19.37
2001	B	F160	1	201.0	44	6.00	1440	19.80	20.13
2001	B	F161	1	280.0	44	2.33	1500	19.40	16.30
2001	B	F162	3	275.0	43	6.33	1500	21.20	13.27
2001	B	F163	1	183.0	43	7.88	1555	20.80	15.20
2001	B	F164	3	164.0	44	2.40	1470	19.40	16.30
2008	B	F101	0	244.0	47	3.05	1460	18.41	12.05
2008	B	F102	0	255.0	47	9.00	1485	19.41	7.72
2008	B	F103	3	53.0	47	2.70	1340	17.56	4.73
2008	B	F104	0	251.0	47	8.20	1671	19.13	9.64
2008	B	F105	0	140.0	46	8.35	1328	18.86	8.20
2008	B	F106	1	246.0	42	3.15	1425	19.38	6.04
2008	B	F107	0	102.0	42	2.55	1218	18.68	3.92
2008	B	F108	0	231.0	47	5.78	1265	19.28	6.55
2008	B	F109	0	170.0	42	6.50	1223	19.80	5.01
2008	B	F110	0	228.0	41	6.63	1336	20.25	5.38
2008	B	F111	2	76.0	41	2.20	1364	19.39	2.97
2008	B	F112	0	244.0	41	5.83	1405	20.63	6.30
2008	B	F113	0	215.0	39	6.75	1485	21.27	8.28
2008	B	F114	0	248.0	41	2.75	1355	19.99	5.75
2008	B	F115	1	251.0	42	5.95	1400	19.91	5.27
2008	B	F116	0	223.0	42	7.65	1350	19.93	6.06
2008	B	F117	4	85.0	39	2.38	1432	20.18	4.55
2008	B	F118	0	177.0	39	5.85	1407	20.99	9.42
2008	B	F119	0	252.0	40	11.00	1436	20.27	6.21
2008	B	F120	0	245.0	41	2.53	1405	19.38	6.64
2008	B	F121	2	78.0	40	2.93	1367	19.20	3.85
2008	B	F122	2	98.0	40	7.15	1312	19.54	4.29
2008	B	F123	1	249.0	40	4.98	1505	19.92	6.97
2008	B	F126	0	255.0	39	3.73	1360	21.35	10.59
2008	B	F127	1	85.0	40	3.85	1398	19.37	3.24
2008	B	F128	0	240.0	46	10.08	1466	19.60	9.43
2008	B	F129	0	246.0	47	3.53	1244	19.61	4.52
2008	B	F131	2	256.0	35	4.45	1355	23.47	2.54
2008	B	F132	0	262.0	35	4.85	1315	24.12	3.86
2008	B	F133	0	255.0	34	7.25	1420	23.37	3.93
2008	B	F134	1	254.0	34	3.78	1530	23.63	3.12
2008	B	F135	0	252.0	33	3.23	1340	22.58	5.92
2008	B	F136	1	261.0	35	7.80	1320	24.21	4.60
2008	B	F137	0	254.0	33	10.20	1440	22.68	3.37
2008	B	F138	0	257.0	34	3.58	1200	23.42	4.10
2008	B	F139	2	260.0	34	8.05	1510	23.56	3.67
2008	B	F140	0	260.0	35	7.28	1332	23.82	3.41
2008	B	F141	2	260.0	35	2.35	1387	24.04	3.85
2008	B	F142	0	89.0	47	2.65	1402	17.52	6.65
2008	B	F143	0	256.0	33	7.78	1385	22.73	2.82
2008	B	F144	5	260.0	35	7.90	1413	23.57	4.40
2008	B	F145	2	259.0	34	2.68	1441	23.94	6.19
2008	B	F146	1	135.0	34	6.73	1456	22.45	4.83
2008	B	F147	4	257.0	33	6.85	1485	22.50	4.09
2008	B	F148	2	260.0	34	2.28	1430	23.71	3.59
2008	B	F149	0	82.0	27	4.78	1368	20.68	4.09
2008	B	F150	4	258.0	33	7.68	1600	22.54	2.87
2008	B	F151	2	250.0	28	2.60	1365	22.15	3.52
2008	B	F152	0	249.0	28	2.30	1261	22.95	5.66
2008	B	F153	1	106.0	28	3.40	1353	21.49	4.81
2008	B	F154	0	174.0	27	8.93	1455	21.96	5.66
2008	B	F155	6	245.0	27	7.38	1439	21.82	4.95
2008	B	F156	0	249.0	28	2.85	1265	22.93	4.15
2008	B	F157	0	173.0	27	8.30	1462	22.05	5.45
2008	B	F158	0	248.0	27	8.40	1395	22.10	5.13
2008	B	F159	0	80.0	26	3.23	1683	21.24	3.74
2008	B	F160	0	135.0	26	6.85	1564	21.47	4.51
2008	B	F161	0	245.0	28	3.63	1315	22.26	3.79
2008	B	F162	2	247.0	27	7.48	1380	21.84	6.28
2008	B	F163	1	97.0	26	8.60	1515	21.15	3.56
2008	B	F164	1	81.0	26	2.65	1615	21.04	4.25
2012	B	F101	0	286.0	44	2.73	1325	20.75	6.02
2012	B	F102	1	295.0	44	8.60	1360	21.25	3.12
2012	B	F103	0	117.0	44	2.33	1390	20.49	3.00
2012	B	F104	2	297.0	42	9.38	1465	20.35	5.42
2012	B	F105	1	242.0	43	7.78	1415	20.51	6.80
2012	B	F106	0	298.0	42	2.53	1555	20.02	7.81
2012	B	F107	0	78.0	43	2.38	1425	19.99	2.97
2012	B	F108	2	286.0	41	5.38	1410	20.41	7.99
2012	B	F109	1	252.0	42	7.13	1580	20.80	5.39
2012	B	F110	0	284.0	37	7.98	1390	23.20	4.36
2012	B	F111	1	112.0	37	2.63	1200	22.00	2.26
2012	B	F112	0	287.0	41	6.85	1395	20.40	6.91
2012	B	F113	0	227.0	37	6.38	1375	22.77	3.43
2012	B	F114	0	285.0	43	2.73	1380	20.47	5.51
2012	B	F115	0	296.0	41	5.38	1395	20.41	5.74
2012	B	F116	0	273.0	41	6.88	1510	20.42	8.74
2012	B	F117	2	115.0	37	2.18	1420	21.89	6.79
2012	B	F118	1	234.0	41	6.70	1450	20.32	6.89
2012	B	F119	5	285.0	41	10.43	1360	20.48	6.20
2012	B	F120	1	286.0	44	2.73	1410	20.38	3.63
2012	B	F121	2	124.0	37	2.50	1360	21.68	3.69
2012	B	F122	0	167.0	36	7.48	1545	22.24	2.70
2012	B	F123	0	288.0	44	4.30	1400	20.21	3.46
2012	B	F124	1	294.0	44	2.88	1378	20.29	4.64
2012	B	F125	0	295.0	42	2.43	1640	20.82	6.54
2012	B	F126	0	291.0	37	3.48	1384	22.94	3.98
2012	B	F127	0	146.0	36	4.25	1630	22.15	2.90
2012	B	F128	2	294.0	36	9.65	1505	23.06	5.76
2012	B	F129	1	290.0	35	3.35	1415	22.47	3.85
2012	B	F130	0	285.0	42	3.00	1610	20.74	4.79
2012	B	F131	2	286.0	42	3.55	1570	20.33	4.98
2012	B	F132	5	311.0	42	3.75	1405	19.79	6.00
2012	B	F133	3	288.0	35	6.55	1365	22.42	3.86
2012	B	F134	3	293.0	36	2.98	1610	22.11	4.39
2012	B	F135	1	294.0	36	2.50	1605	22.15	5.00
2012	B	F136	0	294.0	36	8.08	1475	22.21	4.73
2012	B	F137	0	285.0	35	9.85	1365	22.33	5.33
2012	B	F138	1	287.0	35	2.90	1395	22.11	4.18
2012	B	F139	4	289.0	35	7.15	1400	21.96	3.35
2012	B	F140	6	289.0	35	7.20	1515	21.98	2.82
2012	B	F141	2	284.0	30	3.58	1415	22.18	4.91
2012	B	F142	2	151.0	30	2.58	1255	21.75	7.77
2012	B	F143	5	283.0	30	6.78	1420	22.43	5.86
2012	B	F144	6	288.0	30	8.25	1308	22.36	4.80
2012	B	F145	1	288.0	30	3.03	1435	22.16	5.92
2012	B	F146	1	152.0	29	8.18	1455	22.23	6.46
2012	B	F147	12	284.0	29	11.18	1420	22.56	6.42
2012	B	F148	1	289.0	30	3.18	1417	21.81	5.71
2012	B	F149	1	125.0	29	3.95	1510	21.31	5.52
2012	B	F150	4	290.0	28	7.15	1530	22.84	5.93
2012	B	F151	0	287.0	29	2.58	1425	22.46	8.92
2012	B	F152	1	287.0	29	2.90	1450	22.00	3.25
2012	B	F153	2	169.0	27	2.83	1530	23.33	6.44
2012	B	F154	0	243.0	29	8.10	1410	23.16	7.41
2012	B	F155	15	289.0	27	7.08	1495	23.80	4.71
2012	B	F156	2	285.0	27	2.85	1570	22.87	4.58
2012	B	F157	0	266.0	28	7.93	1460	24.04	6.50
2012	B	F158	0	289.0	28	6.63	1455	22.96	5.19
2012	B	F159	3	208.0	28	3.80	1510	23.48	4.36
2012	B	F160	0	256.0	27	5.00	1440	23.87	5.51
2012	B	F161	1	290.0	28	3.88	1450	22.41	5.41
2012	B	F162	13	289.0	27	6.48	1410	23.78	3.81
2012	B	F163	0	179.0	28	8.88	1470	23.24	4.01
2012	B	F164	0	158.0	27	4.48	1426	23.02	5.35
2017	B	F101	0	277.1	28	3.83	1620	22.10	4.07
2017	B	F102	1	288.3	49	10.67	1455	20.70	1.99
2017	B	F103	1	164.0	50	2.40	1615	20.43	2.76
2017	B	F104	0	276.0	49	9.90	1460	20.57	2.67
2017	B	F105	0	243.0	50	9.68	1440	20.82	3.12
2017	B	F106	3	275.4	28	2.55	1482	21.80	3.29
2017	B	F107	4	109.0	50	2.53	1470	19.70	2.65
2017	B	F108	0	273.0	49	6.38	1538	20.54	3.71
2017	B	F109	0	223.0	50	8.60	1540	20.77	4.16
2017	B	F110	0	267.0	49	8.68	1570	20.60	3.60
2017	B	F111	1	95.1	45	2.60	1430	18.40	4.56
2017	B	F112	0	265.0	45	7.70	1670	19.61	3.33
2017	B	F113	0	214.9	44	6.73	1590	19.50	5.66
2017	B	F114	1	275.0	28	3.20	1520	21.50	3.62
2017	B	F115	0	289.3	44	6.73	1530	19.70	2.61
2017	B	F116	1	250.8	44	8.43	1467	19.60	3.89
2017	B	F117	2	107.7	45	2.45	1490	18.70	4.75
2017	B	F118	1	231.1	43	7.35	1565	19.30	6.26
2017	B	F119	0	290.5	43	11.28	1470	19.30	3.03
2017	B	F120	0	278.0	28	2.90	1390	21.50	2.21
2017	B	F121	2	92.3	43	3.60	1455	18.00	5.63
2017	B	F122	1	117.0	45	8.83	1420	18.55	3.50
2017	B	F123	0	278.0	45	4.68	1498	19.45	2.63
2017	B	F124	1	280.0	29	2.55	1480	21.56	3.81
2017	B	F125	1	284.7	30	3.13	1522	21.80	3.80
2017	B	F126	1	280.0	45	4.50	1550	19.59	2.35
2017	B	F127	0	85.0	44	4.70	1570	18.58	4.31
2017	B	F128	1	282.0	44	12.00	1510	18.39	2.72
2017	B	F129	4	288.0	29	2.73	1555	21.90	3.25
2017	B	F130	0	290.5	29	3.78	1443	22.00	3.33
2017	B	F131	0	289.7	30	4.63	1650	22.00	2.28
2017	B	F132	1	280.0	31	3.65	1440	19.36	3.22
2017	B	F133	1	288.0	30	6.48	1470	21.71	4.01
2017	B	F134	5	284.1	29	4.93	1488	22.50	1.61
2017	B	F135	0	278.0	43	2.28	1620	19.68	2.52
2017	B	F137	0	275.0	44	10.80	1500	19.37	3.57
2017	B	F138	3	288.0	30	4.90	1500	21.66	3.42
2017	B	F139	5	285.0	43	7.98	1570	19.20	2.51
2017	B	F140	0	286.0	43	8.43	1510	18.99	2.78
2017	B	F141	1	286.0	38	2.80	1510	18.50	3.36
2017	B	F142	1	111.0	42	2.88	1442	17.68	4.46
2017	B	F143	0	279.0	42	7.80	1535	19.03	2.44
2017	B	F144	5	287.0	42	9.35	1579	18.97	2.07
2017	B	F145	7	288.0	38	3.05	1465	18.60	3.49
2017	B	F146	1	116.9	42	9.38	1553	18.10	3.72
2017	B	F147	5	287.1	42	11.78	1545	19.20	1.94
2017	B	F148	4	287.0	37	2.70	1500	18.77	4.42
2017	B	F149	3	106.2	42	3.50	1480	18.00	4.18
2017	B	F150	5	289.0	38	9.65	1405	18.75	3.15
2017	B	F151	5	281.0	37	2.85	1580	18.51	2.94
2017	B	F152	1	285.0	36	2.75	1330	18.90	7.34
2017	B	F153	1	141.7	38	3.83	1396	17.80	4.75
2017	B	F155	5	287.0	37	9.30	1670	19.10	3.03
2017	B	F156	1	279.0	36	2.90	1455	18.58	3.96
2017	B	F157	1	230.5	38	11.18	1450	18.90	4.53
2017	B	F158	1	285.0	36	7.48	1515	19.30	8.82
2017	B	F159	1	165.5	37	3.65	1496	18.30	8.77
2017	B	F160	0	195.9	38	7.20	1372	18.60	4.53
2017	B	F161	0	284.4	36	4.90	1520	19.00	4.78
2017	B	F162	1	288.3	37	8.50	1597	19.10	11.10
2017	B	F163	0	142.5	36	10.15	1435	18.30	8.62
2017	B	F164	0	144.8	36	4.43	1488	18.30	10.23
2010	C	F301	0	95.0	44	8.58	1200	19.50	4.50
2010	C	F302	0	94.0	44	8.18	1245	19.50	5.34
2010	C	F303	2	105.0	44	8.98	1485	19.33	5.83
2010	C	F305	7	100.0	44	10.25	1250	19.34	5.20
2010	C	F306	3	112.0	45	2.83	1380	20.20	4.59
2010	C	F307	0	96.0	45	11.20	1320	19.12	5.11
2010	C	F308	4	112.0	44	5.95	1475	20.19	4.79
2010	C	F309	0	91.0	47	1.90	1295	18.26	5.07
2010	C	F310	1	107.0	46	4.33	1515	19.76	5.99
2010	C	F311	2	113.0	45	2.80	1390	20.20	5.61
2010	C	F312	0	94.0	45	2.09	1430	17.43	5.62
2010	C	F313	5	105.0	46	7.73	1415	18.45	4.64
2010	C	F314	0	116.0	44	2.06	1330	19.25	6.84
2010	C	F315	1	90.0	47	3.25	1313	17.42	4.70
2010	C	F316	1	93.0	47	1.68	1293	18.41	5.52
2010	C	F317	1	121.0	45	2.10	1360	18.58	9.82
2010	C	F318	0	109.0	46	2.70	1440	18.50	5.39
2010	C	F319	0	109.0	47	3.10	1452	18.56	6.68
2010	C	F320	0	115.0	46	14.18	1445	19.00	7.08
2010	C	F322	1	113.0	47	13.00	1543	18.68	5.90
2010	C	F323	1	96.0	51	2.70	1375	15.90	9.17
2010	C	F324	4	105.0	54	2.05	1300	15.91	14.00
2010	C	F325	8	91.0	51	9.83	1345	17.37	6.01
2010	C	F326	0	89.0	53	2.28	1320	16.05	7.83
2010	C	F327	2	92.0	52	2.18	615	16.35	8.98
2010	C	F328	4	105.0	54	2.03	1415	15.45	22.10
2010	C	F329	3	107.0	51	4.90	1395	18.04	6.01
2010	C	F330	4	94.0	53	2.63	1332	16.54	9.22
2010	C	F331	2	90.0	53	3.23	600	16.72	7.83
2010	C	F332	5	106.0	51	2.45	1460	17.81	6.28
2010	C	F333	3	107.0	52	2.23	1560	18.01	16.00
2010	C	F334	1	106.0	52	3.23	1575	17.14	8.09
2010	C	F335	3	106.0	51	2.43	1510	17.24	7.98
2010	C	F336	4	106.0	52	2.38	1420	17.66	19.10
2010	C	F337	4	106.0	54	2.00	1290	17.25	14.90
2010	C	F338	7	106.0	54	2.00	1175	17.33	12.90
2010	C	F339	0	107.0	53	1.73	1390	18.02	12.00
2010	C	F340	0	110.0	54	2.15	1230	16.90	14.50
2010	C	F341	3	113.0	47	12.40	1470	18.66	9.75
2010	C	F342	1	90.0	45	10.00	1350	19.06	4.83
2010	C	F343	3	114.0	46	8.05	1485	9.18	7.39
2010	C	F344	2	106.0	53	2.18	1440	17.96	11.50
2010	C	F345	4	91.0	52	2.03	1312	16.77	8.19
2010	C	F346	0	102.0	46	2.33	1410	18.57	4.41
2010	C	F347	3	90.0	52	2.93	1230	16.71	7.37
2010	C	F348	3	92.0	51	2.13	1420	15.82	8.58
2018	C	F301	1	66.8	41	7.88	1495	21.80	3.17
2018	C	F302	0	66.5	41	8.55	1470	21.40	3.92
2018	C	F303	4	74.4	41	6.48	1580	21.40	3.80
2018	C	F304	2	81.0	41	1.93	1542	18.94	18.50
2018	C	F305	3	65.4	42	13.75	1445	21.20	3.21
2018	C	F306	0	71.5	41	1.88	1601	21.60	3.80
2018	C	F307	1	65.0	42	12.68	1500	21.30	2.68
2018	C	F308	0	66.0	42	5.10	1360	21.29	2.91
2018	C	F309	4	67.0	43	2.10	1510	21.70	3.42
2018	C	F310	2	65.0	42	4.45	1495	21.39	2.94
2018	C	F312	0	65.5	43	2.80	1665	22.20	2.66
2018	C	F313	2	62.0	44	6.65	1513	22.08	2.73
2018	C	F314	0	75.0	43	1.95	1652	22.45	4.63
2018	C	F315	2	65.3	43	3.85	1745	22.00	3.06
2018	C	F316	1	69.0	43	2.68	1450	21.40	3.60
2018	C	F317	0	72.0	43	2.23	1750	23.21	4.73
2018	C	F318	1	67.1	44	3.28	1575	23.40	3.54
2018	C	F319	1	69.0	44	4.00	1590	21.85	4.09
2018	C	F320	0	64.0	44	15.78	1490	21.30	3.49
2018	C	F321	0	72.0	44	1.93	1450	22.24	3.45
2018	C	F322	0	61.0	49	12.35	1498	21.96	2.66
2018	C	F323	2	64.0	48	3.20	1317	22.37	4.59
2018	C	F324	3	63.0	49	2.65	1605	21.22	4.09
2018	C	F325	1	62.0	50	10.35	1489	21.05	2.94
2018	C	F326	2	64.3	48	2.20	1306	22.40	4.46
2018	C	F327	0	66.9	48	2.43	1350	22.90	5.29
2018	C	F328	2	64.0	48	2.70	1484	22.71	3.34
2018	C	F329	6	62.0	50	5.50	1620	20.97	5.24
2018	C	F330	0	63.5	49	3.45	1685	21.70	3.85
2018	C	F331	2	63.1	48	3.83	1412	22.30	3.68
2018	C	F332	2	62.1	50	3.20	1490	20.80	3.65
2018	C	F333	4	62.1	50	3.35	1585	20.80	4.79
2018	C	F334	3	62.0	50	3.60	1450	20.59	5.47
2018	C	F335	0	62.5	50	3.08	1430	20.70	4.44
2018	C	F336	2	62.0	55	2.88	1329	17.52	4.83
2018	C	F337	2	65.0	55	2.50	1400	17.64	7.15
2018	C	F338	1	63.0	55	2.40	1290	16.94	6.78
2018	C	F339	2	62.9	55	2.73	1107	17.10	5.21
2018	C	F340	0	62.3	55	1.40	1190	16.15	5.94
2018	C	F341	1	61.0	49	12.05	1512	22.04	4.20
2018	C	F342	0	64.5	42	10.90	1595	21.30	3.10
2018	C	F343	0	65.9	44	16.50	1455	21.60	3.32
2018	C	F344	2	62.2	55	2.33	1258	16.80	5.74
2018	C	F345	1	63.2	49	2.70	1522	21.50	4.59
2018	C	F346	0	73.4	42	2.65	1509	19.50	2.54
2018	C	F347	1	63.1	49	3.15	1620	21.50	4.07
2018	C	F348	2	71.0	48	2.50	1432	23.01	3.39
2004	D	F201	0	272.0	47	7.70	1197	20.60	0.45
2004	D	F202	0	298.0	39	7.13	1415	21.10	0.88
2004	D	F203	0	282.0	46	6.10	1415	20.50	0.56
2004	D	F204	0	278.0	46	3.90	1288	20.40	0.71
2004	D	F205	1	295.0	33	7.15	1170	20.60	0.71
2004	D	F206	0	291.0	33	6.10	1335	20.40	0.55
2004	D	F207	1	278.0	47	4.98	1260	20.50	1.06
2004	D	F208	0	298.0	38	6.65	1075	21.10	1.05
2004	D	F209	0	305.0	32	6.43	1332	20.80	0.57
2004	D	F210	0	290.0	33	4.18	1320	20.20	0.58
2004	D	F211	0	276.0	46	5.23	1187	20.30	0.70
2004	D	F212	0	281.0	47	2.98	1400	20.50	1.22
2004	D	F213	0	290.0	33	5.48	1335	20.60	0.79
2004	D	F214	0	290.0	33	6.15	1225	20.50	0.83
2004	D	F215	0	271.0	46	4.18	1192	20.30	0.73
2004	D	F216	0	305.0	32	6.68	1420	21.20	0.57
2004	D	F217	0	291.0	33	4.88	1410	20.40	0.98
2004	D	F218	0	303.0	32	6.00	1465	20.80	0.68
2004	D	F219	0	272.0	46	3.95	1322	20.10	0.61
2004	D	F220	0	304.0	31	6.18	1255	21.00	2.64
2004	D	F221	0	303.0	31	5.50	1270	20.70	0.88
2004	D	F222	1	289.0	32	6.03	1370	20.30	0.65
2004	D	F223	0	273.0	46	3.98	1239	20.10	0.53
2004	D	F224	0	309.0	31	5.15	1285	20.90	0.68
2004	D	F225	0	295.0	32	6.10	1190	20.70	0.84
2004	D	F226	0	270.0	46	2.63	1266	20.30	0.61
2004	D	F227	0	298.0	31	4.15	1421	20.90	6.54
2004	D	F228	0	293.0	32	4.40	1415	20.50	0.78
2004	D	F229	0	275.0	45	5.30	1266	20.10	1.19
2004	D	F230	0	273.0	46	3.18	1288	20.10	0.98
2004	D	F231	0	271.0	44	4.85	1410	20.10	1.32
2004	D	F232	0	273.0	44	4.83	1226	20.00	1.16
2004	D	F233	0	276.0	45	17.35	1395	19.50	1.31
2004	D	F234	0	280.0	45	4.58	1450	19.60	1.09
2004	D	F235	0	265.0	44	4.65	1160	19.90	1.46
2004	D	F236	0	282.0	44	8.15	1140	20.00	1.18
2004	D	F237	0	265.0	45	3.08	1345	19.00	0.86
2004	D	F238	1	271.0	45	10.55	1346	19.70	0.96
2004	D	F239	0	263.0	45	13.63	1270	19.80	1.01
2004	D	F240	0	273.0	45	10.08	1374	19.50	1.16
2004	D	F241	0	268.0	45	4.33	1458	19.40	1.15
2004	D	F242	0	263.0	44	3.48	1185	19.80	1.29
2004	D	F243	0	289.0	44	2.48	1196	20.00	1.09
2004	D	F244	0	263.0	44	10.48	1280	19.90	1.02
2004	D	F245	0	293.0	44	4.50	1313	20.30	1.21
2004	D	F246	0	300.0	38	3.98	1240	21.30	0.45
2004	D	F247	0	300.0	39	4.68	1390	19.40	0.52
2004	D	F248	0	300.0	39	6.28	1242	21.20	0.25
2004	D	F249	0	301.0	39	6.75	1041	20.70	0.64
2004	D	F250	0	301.0	38	7.08	1263	21.10	0.98
2004	D	F251	0	300.0	38	6.00	1180	21.60	0.56
2004	D	F252	2	291.0	47	10.53	1169	20.20	0.61
2004	D	F253	3	300.0	38	9.65	1168	21.10	0.80
2004	D	F254	0	303.0	39	3.23	1385	18.90	0.63
2004	D	F255	0	300.0	38	4.75	1135	21.30	0.78
2004	D	F256	0	302.0	47	4.48	1256	20.60	0.73
2004	D	F257	0	300.0	31	4.98	1170	21.50	3.93
2004	D	F258	0	297.0	38	2.63	1055	21.60	0.78
2004	D	F259	0	286.0	30	2.83	1194	21.20	0.59
2004	D	F260	0	287.0	30	2.65	1154	21.20	0.55
2004	D	F261	0	285.0	30	2.73	965	22.10	0.57
2004	D	F262	0	302.0	30	5.40	1015	21.20	0.50
2004	D	F263	0	316.0	31	3.20	1315	20.90	0.57
2004	D	F264	0	302.0	30	11.70	990	21.20	0.38
2004	D	F265	0	302.0	30	2.95	1165	21.20	0.59
2004	D	F266	1	301.0	30	3.25	1265	21.50	0.51
2009	D	F201	0	306.0	32	6.93	1355	20.84	0.61
2009	D	F202	0	312.0	32	7.13	1270	21.46	0.52
2009	D	F203	1	307.0	33	6.15	1205	21.08	0.43
2009	D	F204	0	295.0	41	3.85	1130	20.78	0.65
2009	D	F205	0	312.0	32	7.55	1260	21.44	0.39
2009	D	F206	0	307.0	33	6.15	1211	21.17	0.56
2009	D	F207	0	303.0	33	4.20	1215	20.85	0.56
2009	D	F208	2	335.0	34	7.00	1250	21.66	0.29
2009	D	F209	1	308.0	34	6.78	1230	21.09	0.05
2009	D	F210	0	306.0	34	3.08	1135	21.20	0.82
2009	D	F211	2	297.0	41	4.93	1295	20.70	0.76
2009	D	F212	0	287.0	41	2.95	1205	20.31	0.87
2009	D	F213	1	298.0	31	5.08	1105	20.90	0.61
2009	D	F214	1	307.0	34	5.83	1100	21.17	0.57
2009	D	F215	0	296.0	31	2.60	1265	20.10	0.52
2009	D	F216	0	335.0	39	7.28	1265	21.33	0.59
2009	D	F217	0	298.0	31	4.28	1175	21.22	0.85
2009	D	F218	2	301.0	31	6.08	1220	21.31	1.04
2009	D	F219	0	298.0	31	2.53	1260	20.54	0.57
2009	D	F220	2	301.0	40	5.93	1380	21.36	0.40
2009	D	F221	0	334.0	39	5.53	1120	21.61	0.52
2009	D	F222	0	214.0	40	5.85	1365	20.84	0.61
2009	D	F223	0	273.0	31	2.33	1185	20.67	0.57
2009	D	F224	0	334.0	39	6.15	1190	21.69	0.34
2009	D	F225	0	277.0	40	5.60	1360	21.13	0.32
2009	D	F226	0	267.0	41	1.88	1470	20.18	0.44
2009	D	F227	0	335.0	39	3.10	535	21.57	0.47
2009	D	F228	0	300.0	40	3.45	1325	21.37	0.32
2009	D	F229	0	273.0	41	5.43	1340	20.96	0.75
2009	D	F230	1	275.0	41	2.95	1175	21.06	0.39
2009	D	F231	0	273.0	45	4.45	1290	20.53	0.71
2009	D	F232	0	300.0	46	4.70	1320	20.47	0.30
2009	D	F233	0	275.0	45	16.53	1230	20.63	0.55
2009	D	F234	0	301.0	46	4.40	1370	20.49	0.18
2009	D	F235	0	296.0	46	4.25	1220	20.44	0.37
2009	D	F236	0	299.0	46	8.28	1265	20.64	0.49
2009	D	F237	0	268.0	48	11.35	1265	19.68	0.84
2009	D	F238	1	262.0	48	2.93	1215	19.09	0.83
2009	D	F239	1	292.0	48	10.93	1260	19.71	0.70
2009	D	F240	0	295.0	47	7.35	1410	20.12	0.53
2009	D	F241	0	268.0	47	3.30	1365	19.87	0.42
2009	D	F242	0	263.0	47	2.08	1290	19.41	0.28
2009	D	F243	0	299.0	47	1.68	1330	20.26	0.30
2009	D	F244	2	299.0	47	11.00	1245	20.19	0.35
2009	D	F246	0	337.0	32	3.03	1095	21.33	0.41
2009	D	F247	0	336.0	33	3.53	1345	20.72	0.56
2009	D	F248	0	337.0	32	3.88	1245	21.39	0.71
2009	D	F249	2	337.0	33	6.78	1345	21.31	0.45
2009	D	F250	0	337.0	32	7.38	1360	21.28	0.31
2009	D	F251	2	338.0	34	6.38	1290	20.93	0.57
2009	D	F252	0	337.0	33	11.33	1335	21.35	0.58
2009	D	F253	3	337.0	34	9.78	1285	21.50	0.45
2009	D	F254	0	335.0	39	2.78	1145	21.02	0.63
2009	D	F255	0	336.0	39	3.50	1225	21.32	0.65
2009	D	F256	0	303.0	40	4.53	1345	20.98	0.51
2009	D	F257	0	303.0	40	3.45	1350	21.01	0.76
2009	D	F258	0	303.0	41	2.73	1470	20.72	0.68
2009	D	F259	0	303.0	45	2.50	1245	20.27	0.34
2009	D	F260	0	277.0	45	3.10	1300	20.42	0.43
2009	D	F261	0	274.0	45	4.88	1355	20.29	0.45
2009	D	F262	2	279.0	45	7.38	1175	20.72	0.45
2014	D	F202	1	301.0	34	7.03	1400	21.81	0.56
2014	D	F203	0	297.0	35	6.48	1410	22.10	0.32
2014	D	F206	0	297.0	35	6.68	1420	22.41	0.40
2014	D	F207	0	296.0	34	4.65	1445	22.06	0.68
2014	D	F209	0	300.0	34	6.80	1405	21.77	0.74
2014	D	F211	0	295.0	34	4.23	1401	22.30	0.76
2014	D	F213	0	296.0	35	4.93	1465	21.85	1.85
2014	D	F216	0	301.0	34	7.08	1360	21.91	0.39
2014	D	F219	0	295.0	35	4.05	1450	21.86	0.79
2014	D	F222	0	300.0	41	5.58	1155	21.86	0.43
2014	D	F224	0	302.0	39	5.60	1355	21.73	0.82
2014	D	F226	0	295.0	39	3.05	1310	21.21	0.41
2014	D	F227	0	302.0	40	3.33	1360	21.61	0.51
2014	D	F230	0	301.0	41	3.55	1390	21.71	0.49
2014	D	F231	0	297.0	41	4.30	1160	21.90	0.49
2014	D	F234	0	302.0	41	4.65	1375	21.62	0.46
2014	D	F236	0	302.0	41	8.20	1440	21.55	0.84
2014	D	F237	0	295.0	40	3.05	1455	21.19	0.49
2014	D	F239	0	296.0	40	10.40	1520	21.74	0.49
2014	D	F241	0	298.0	40	4.55	1622	21.71	0.49
2014	D	F242	0	294.0	39	3.53	1265	21.48	0.30
2014	D	F245	0	304.0	39	4.73	1330	21.68	0.43
2014	D	F247	0	302.0	33	4.20	1320	21.98	0.58
2014	D	F250	0	302.0	34	7.20	1444	21.90	0.48
2014	D	F251	0	303.0	33	6.48	1407	21.99	0.52
2014	D	F254	0	302.0	33	3.35	1331	21.99	1.03
2014	D	F255	0	302.0	33	3.28	1435	22.14	0.43
2014	D	F257	0	305.0	42	4.98	1385	20.45	0.62
2014	D	F259	0	305.0	42	2.98	1433	20.33	0.78
2014	D	F260	0	303.0	40	3.20	1645	21.42	0.34
2014	D	F261	0	303.0	42	4.18	1365	20.27	1.99
2014	D	F262	0	304.0	42	6.58	1445	20.62	0.82
2005	E	F002	6	281.0	52	7.13	1641	20.45	2.20
2005	E	F003	3	314.0	52	3.55	1665	20.27	2.57
2005	E	F004	0	278.0	52	3.88	1289	20.53	1.70
2005	E	F006	15	277.0	53	2.40	1338	20.65	1.85
2005	E	F008	0	280.0	51	2.95	1192	19.92	2.64
2005	E	F009	4	279.0	53	3.58	1462	20.36	2.38
2005	E	F010	3	277.0	53	2.30	1441	20.40	2.08
2005	E	F011	0	290.0	51	2.50	1328	19.74	1.07
2005	E	F012	1	251.0	51	2.23	1570	19.43	0.84
2005	E	F014	0	264.0	51	4.05	1404	19.57	0.95
2005	E	F015	0	254.0	51	2.93	1438	20.50	1.35
2005	E	F016	1	254.0	53	2.63	1513	20.41	1.84
2005	E	F018	1	258.0	52	3.40	1325	19.65	1.95
2005	E	F019	1	254.0	53	3.25	1379	20.40	1.80
2005	E	F020	0	260.0	52	4.60	1248	19.41	1.62
2005	E	F021	1	256.0	52	4.95	1289	20.40	2.14
2005	E	F023	0	256.0	59	2.20	1260	18.89	1.65
2005	E	F024	2	256.0	59	3.33	1305	19.06	1.61
2005	E	F025	0	254.0	53	3.15	1191	19.70	1.22
2005	E	F026	4	271.0	43	14.10	1180	20.98	0.32
2005	E	F027	6	231.0	43	7.05	1442	20.96	1.35
2005	E	F028	5	210.0	43	4.00	1492	20.66	2.20
2005	E	F029	5	135.0	43	2.80	1546	20.70	5.29
2005	E	F030	5	261.0	43	14.40	1226	21.21	1.50
2005	E	F031	3	82.0	43	3.78	1326	20.58	5.34
2005	E	F032	4	249.0	44	8.45	1422	22.32	1.21
2005	E	F033	2	289.0	45	3.45	1376	21.81	0.80
2005	E	F034	3	267.0	44	10.58	1450	21.22	0.82
2005	E	F035	8	269.0	45	3.03	1422	21.55	1.32
2005	E	F036	0	284.0	45	2.05	1271	22.16	0.79
2005	E	F037	0	285.0	45	3.10	1335	21.87	0.84
2005	E	F038	1	287.0	46	3.08	1367	22.05	0.84
2005	E	F039	10	80.0	29	8.83	1180	23.77	3.81
2005	E	F040	15	81.0	29	6.75	1270	23.91	3.57
2005	E	F041	20	85.0	29	6.18	1338	23.98	3.82
2005	E	F043	0	289.0	46	3.45	1439	21.65	1.31
2005	E	F044	0	288.0	50	3.03	1423	20.49	0.75
2005	E	F045	10	131.0	29	8.98	1405	23.97	3.66
2005	E	F046	0	289.0	46	3.23	1494	21.78	1.09
2005	E	F047	0	263.0	58	2.98	1522	19.89	1.75
2005	E	F048	0	289.0	50	3.68	1420	20.46	1.56
2005	E	F049	10	238.0	30	3.43	1315	23.52	2.74
2005	E	F050	0	268.0	44	6.43	1225	21.34	1.03
2005	E	F051	1	270.0	45	6.03	1395	21.69	1.24
2005	E	F052	0	262.0	46	2.60	1371	21.08	0.68
2005	E	F053	3	259.0	58	4.03	1220	19.06	1.44
2005	E	F054	14	257.0	58	4.05	1590	19.01	2.30
2005	E	F055	6	146.0	30	1.95	1313	24.80	3.80
2005	E	F056	1	274.0	44	8.18	1133	21.25	0.97
2005	E	F057	1	265.0	46	2.18	1313	20.50	1.08
2005	E	F058	1	258.0	58	2.73	1478	19.86	1.52
2005	E	F059	0	257.0	58	2.23	1300	18.92	1.64
2005	E	F060	6	258.0	58	6.15	1445	19.03	2.56
2005	E	F061	8	252.0	50	3.68	1386	20.25	7.39
2005	E	F062	0	270.0	45	13.23	1615	21.53	0.97
2005	E	F065	8	285.0	50	4.85	1386	20.62	5.31
2005	E	F067	1	286.0	39	4.55	1335	22.41	0.61
2005	E	F068	0	182.0	50	3.25	1565	20.02	39.20
2005	E	F069	0	284.0	38	2.33	1155	23.11	0.98
2005	E	F070	0	284.0	38	3.78	1260	22.65	1.06
2005	E	F071	9	266.0	38	3.48	1365	22.79	1.77
2005	E	F072	2	145.0	39	2.80	1245	21.68	5.71
2005	E	F074	0	284.0	39	5.43	1270	22.16	0.72
2005	E	F075	7	251.0	39	3.25	1210	21.23	3.04
2005	E	F076	1	272.0	39	7.28	1492	22.10	1.22
2005	E	F077	1	290.0	38	7.33	1084	22.50	0.87
2005	E	F078	2	287.0	38	2.93	1227	22.78	0.95
2005	E	F079	0	285.0	38	5.93	1193	23.09	0.79
2005	E	F080	1	250.0	39	6.83	1275	21.30	0.87
2009	E	F002	3	297.0	45	7.00	1189	20.30	1.35
2009	E	F006	2	270.0	45	2.20	1217	20.40	0.90
2009	E	F010	10	295.0	48	3.18	1539	19.90	1.32
2009	E	F011	0	290.0	47	2.13	1473	18.40	0.94
2009	E	F019	2	295.0	52	2.43	1340	17.50	1.22
2009	E	F021	0	297.0	52	4.30	1335	18.70	0.79
2009	E	F025	3	295.0	53	4.23	1419	18.20	1.31
2009	E	F029	0	84.0	45	2.95	1305	18.50	4.89
2009	E	F030	7	251.0	45	13.78	1320	20.30	1.48
2009	E	F033	4	289.0	46	2.78	1539	20.10	1.51
2009	E	F037	1	288.0	46	3.23	1425	18.00	3.54
2009	E	F039	2	80.0	47	9.28	1465	17.30	3.08
2009	E	F041	2	98.0	47	4.88	1430	17.50	4.26
2009	E	F043	1	289.0	46	3.58	1390	18.20	2.23
2009	E	F046	1	293.0	46	5.13	1295	18.90	1.28
2009	E	F049	4	146.0	52	2.98	1220	18.80	3.91
2009	E	F050	0	285.0	46	7.70	1480	18.90	1.71
2009	E	F053	7	292.0	48	5.05	1480	17.60	1.82
2009	E	F058	0	294.0	52	2.98	1285	18.60	1.32
2009	E	F061	15	221.0	52	3.43	1055	18.30	2.63
2009	E	F063	2	294.0	52	3.10	1240	17.10	1.28
2009	E	F067	13	294.0	53	5.10	1498	18.90	1.02
2009	E	F071	3	97.0	53	2.35	1457	18.70	4.52
2009	E	F074	2	295.0	53	11.08	1460	16.90	1.34
2009	E	F080	0	294.0	53	7.83	1440	16.90	1.27
2011	E	F002	9	287.0	29	8.28	1310	20.87	2.70
2011	E	F003	4	294.0	31	3.40	1365	20.55	1.55
2011	E	F004	3	295.0	30	6.03	1340	20.12	1.85
2011	E	F006	6	293.0	32	2.98	1240	20.70	1.14
2011	E	F008	1	295.0	38	3.27	1475	20.65	1.65
2011	E	F009	12	293.0	32	7.10	1315	20.54	1.24
2011	E	F010	1	289.0	30	14.70	1355	21.09	1.77
2011	E	F011	0	277.0	43	2.83	1175	20.69	0.45
2011	E	F012	0	280.0	43	2.70	1235	20.80	0.38
2011	E	F014	0	279.0	44	3.83	1460	20.74	0.29
2011	E	F015	1	293.0	37	3.18	1360	20.83	1.01
2011	E	F016	2	289.0	30	2.35	1435	20.71	2.30
2011	E	F018	0	291.0	43	4.00	1340	20.97	1.01
2011	E	F019	0	290.0	44	1.75	1505	21.01	0.76
2011	E	F020	0	293.0	38	4.73	1420	20.92	1.05
2011	E	F021	3	288.0	44	5.68	1360	21.09	0.76
2011	E	F023	3	295.0	37	4.00	1258	20.91	2.12
2011	E	F024	1	291.0	44	9.35	1492	21.09	0.76
2011	E	F025	5	264.0	38	4.38	1405	20.33	9.82
2011	E	F026	1	292.0	29	14.78	1130	19.92	1.16
2011	E	F027	7	274.0	29	7.10	1265	19.85	1.95
2011	E	F028	9	271.0	30	4.40	1315	20.06	2.27
2011	E	F029	14	228.0	29	2.65	1365	19.84	4.93
2011	E	F030	2	260.0	30	14.65	1340	19.94	1.93
2011	E	F031	3	263.0	31	4.75	1380	20.10	2.84
2011	E	F032	1	282.0	29	8.93	1200	20.95	1.79
2011	E	F033	2	294.0	31	3.45	1330	20.72	1.35
2011	E	F034	4	296.0	32	9.38	1340	20.41	0.53
2011	E	F035	2	289.0	31	3.90	1435	21.09	1.73
2011	E	F036	2	291.0	45	3.00	1515	20.07	0.89
2011	E	F037	2	285.0	46	3.13	1420	20.42	0.92
2011	E	F038	0	285.0	46	3.15	1410	20.43	0.53
2011	E	F039	6	91.0	50	9.70	1285	17.69	8.00
2011	E	F040	9	92.0	50	4.95	1195	17.27	7.68
2011	E	F041	8	112.0	50	4.90	1150	17.29	9.01
2011	E	F042	2	291.0	45	3.25	1450	20.09	0.47
2011	E	F043	5	291.0	45	3.98	1530	20.50	0.82
2011	E	F044	1	289.0	46	3.30	1180	20.22	0.80
2011	E	F045	23	140.0	50	9.00	1355	17.05	7.17
2011	E	F046	0	295.0	44	5.00	1440	20.35	2.40
2011	E	F047	4	292.0	44	4.08	1410	20.22	0.61
2011	E	F048	2	293.0	43	4.48	1165	20.32	0.76
2011	E	F049	29	238.0	50	3.78	1270	17.45	5.23
2011	E	F050	2	289.0	32	7.38	1420	21.15	0.97
2011	E	F051	2	289.0	31	4.93	1505	21.22	1.11
2011	E	F052	0	294.0	43	3.33	1105	20.29	0.43
2011	E	F053	9	288.0	39	5.10	1410	20.27	1.61
2011	E	F054	24	293.0	44	4.73	1420	20.39	1.74
2011	E	F055	5	103.0	50	2.73	1240	17.06	6.90
2011	E	F056	4	288.0	30	11.73	1440	20.85	1.71
2011	E	F057	1	288.0	32	2.81	1375	21.32	0.89
2011	E	F058	0	288.0	32	3.30	1540	21.72	0.69
2011	E	F059	3	294.0	39	4.73	1395	20.15	1.88
2011	E	F060	13	293.0	43	6.95	1265	20.29	2.11
2011	E	F061	14	215.0	45	4.08	1375	21.02	4.21
2011	E	F063	10	297.0	37	4.03	1090	20.58	1.99
2011	E	F064	23	294.0	44	7.13	1395	20.52	1.30
2011	E	F065	9	276.0	37	5.60	1245	20.77	3.73
2011	E	F066	4	296.0	38	4.98	1330	20.41	2.70
2011	E	F067	12	297.0	38	5.78	1350	20.24	2.98
2011	E	F068	4	289.0	45	3.85	1420	20.86	1.86
2011	E	F069	1	296.0	37	4.68	1195	20.64	1.47
2011	E	F070	5	297.0	38	5.85	1350	20.34	3.36
2011	E	F071	11	289.0	45	4.35	1265	21.12	0.94
2011	E	F072	3	201.0	45	2.90	1460	20.92	5.44
2011	E	F074	4	295.0	46	7.80	1390	19.61	1.49
2011	E	F075	7	287.0	45	4.08	1340	21.30	2.10
2011	E	F076	1	295.0	38	8.68	1380	20.62	1.16
2011	E	F077	0	295.0	39	8.40	1435	20.28	1.06
2011	E	F078	8	292.0	46	4.20	1375	19.80	0.96
2011	E	F079	2	295.0	39	14.55	1405	20.41	1.06
2011	E	F080	2	294.0	46	7.08	1380	19.58	1.24
2013	E	F002	0	276.0	69	8.10	1480	15.00	1.17
2013	E	F006	0	262.0	69	2.88	1505	15.10	1.15
2013	E	F010	6	262.0	69	14.78	1550	15.20	1.21
2013	E	F011	0	310.0	70	2.58	1470	14.30	0.98
2013	E	F019	0	282.0	70	2.10	1515	14.80	0.90
2013	E	F021	1	291.0	70	4.80	1500	14.30	1.06
2013	E	F025	1	283.0	70	4.85	1442	14.30	1.00
2013	E	F030	7	347.0	76	14.28	1350	15.30	1.94
2013	E	F033	3	301.0	76	2.73	1255	15.20	0.70
2013	E	F037	0	290.0	68	3.03	1245	14.20	1.45
2013	E	F039	1	118.0	68	9.28	1240	14.30	8.08
2013	E	F041	12	123.0	68	5.40	1283	14.30	6.03
2013	E	F043	0	297.0	76	3.65	1325	14.90	0.71
2013	E	F046	0	260.0	69	4.43	1470	15.00	1.13
2013	E	F049	6	218.0	68	3.48	1270	14.00	4.09
2013	E	F050	1	286.0	76	7.83	1345	15.40	0.75
2013	E	F053	1	294.0	76	4.80	1375	15.00	0.80
2013	E	F061	13	256.0	68	3.58	1233	13.80	3.36
2013	E	F063	2	293.0	76	3.73	1305	15.30	1.05
2013	E	F067	7	288.0	71	5.40	1455	14.80	0.99
2013	E	F071	0	273.0	71	3.80	1430	14.70	1.07
2013	E	F074	0	279.0	71	10.85	1420	14.80	0.97
2013	E	F076	4	291.0	76	8.70	1320	15.30	1.09
2013	E	F080	7	282.0	71	6.90	1450	15.00	0.90
2016	E	F002	4	298.0	50	7.73	1480	22.36	1.34
2016	E	F006	14	296.0	50	2.93	1345	22.30	1.70
2016	E	F010	10	297.0	51	13.83	1425	22.08	1.35
2016	E	F011	0	285.0	52	2.78	1600	21.34	0.70
2016	E	F015	0	298.0	52	3.15	1390	21.07	0.74
2016	E	F019	1	297.0	53	3.18	1425	21.01	1.08
2016	E	F021	1	297.0	53	4.38	1515	20.18	1.78
2016	E	F025	0	299.3	58	6.05	1420	18.10	0.59
2016	E	F029	2	148.5	50	2.83	1460	22.00	4.10
2016	E	F030	6	297.7	50	13.68	1415	22.20	1.53
2016	E	F033	1	298.6	50	3.83	1340	22.20	2.43
2016	E	F037	1	294.7	51	3.23	1560	21.70	0.72
2016	E	F039	2	87.7	51	9.08	1470	21.00	4.41
2016	E	F041	4	88.9	52	3.65	1675	21.40	5.72
2016	E	F043	1	293.6	57	2.60	1630	19.40	0.63
2016	E	F046	0	294.0	51	1.84	1630	22.04	1.00
2016	E	F049	12	92.5	52	3.55	1605	21.20	7.25
2016	E	F050	0	298.0	51	7.00	1560	22.01	1.14
2016	E	F053	2	296.1	57	4.73	1590	19.10	0.81
2016	E	F058	0	295.8	57	3.30	1570	20.00	1.13
2016	E	F061	15	213.6	52	3.90	1500	21.20	3.62
2016	E	F063	0	294.9	57	3.50	1545	20.00	0.88
2016	E	F067	4	300.2	58	5.53	1535	19.14	1.30
2016	E	F071	1	297.8	58	4.13	1510	19.00	1.21
2016	E	F074	1	301.5	53	6.80	1475	20.50	1.72
2016	E	F076	1	300.2	58	7.68	1440	19.60	0.91
2016	E	F080	0	298.3	53	9.98	1465	20.40	1.23
2019	E	F002	2	297.0	47	8.70	1450	19.20	1.80
2019	E	F006	0	295.0	47	3.53	1491	19.20	1.92
2019	E	F010	16	300.9	48	15.05	1450	19.30	1.91
2019	E	F011	0	301.4	48	2.38	1440	18.50	1.16
2019	E	F015	1	294.0	43	3.63	1421	19.58	2.03
2019	E	F019	0	294.0	43	2.43	1485	19.96	1.93
2019	E	F021	1	302.1	43	5.20	1410	19.30	2.22
2019	E	F025	1	300.7	43	6.53	1415	19.30	1.25
2019	E	F029	3	305.5	47	3.63	1465	19.20	1.87
2019	E	F030	1	304.4	47	15.78	1550	19.50	1.33
2019	E	F033	5	298.0	47	3.90	1440	19.19	1.98
2019	E	F037	4	304.9	41	3.83	1470	19.90	2.09
2019	E	F039	9	295.0	41	9.73	1563	19.23	2.40
2019	E	F041	10	296.0	41	4.85	1594	19.80	3.04
2019	E	F043	3	304.3	41	4.25	1430	20.20	2.77
2019	E	F046	0	297.0	48	4.95	1450	19.34	1.48
2019	E	F049	11	297.0	40	4.18	1487	19.80	2.94
2019	E	F053	1	298.0	40	5.55	1400	19.80	2.22
2019	E	F058	0	296.0	40	4.00	1527	20.14	3.12
2019	E	F061	9	303.8	40	4.65	1510	19.80	2.96
2019	E	F063	0	301.8	40	4.18	1530	20.20	1.75
2019	E	F067	0	304.5	42	6.03	1500	19.80	2.20
2019	E	F071	0	304.3	42	4.85	1485	19.80	3.22
2019	E	F074	1	297.0	42	11.40	1539	19.92	2.05
2019	E	F076	0	297.0	42	7.55	1473	20.06	1.99
2019	E	F080	6	297.0	42	7.90	1480	19.75	2.21
2002	F	F002	0	232.0	61	1.93	1375	17.30	2.77
2002	F	F003	2	221.0	62	1.78	1400	17.90	5.15
2002	F	F004	0	239.0	61	2.53	1625	16.80	2.45
2002	F	F005	0	238.0	62	2.03	1325	17.20	3.39
2002	F	F006	0	250.0	57	2.06	1381	18.90	4.71
2002	F	F007	1	184.0	40	3.27	1176	22.20	10.20
2002	F	F008	0	218.0	61	2.60	1780	17.30	2.80
2002	F	F009	2	199.0	43	2.03	1443	19.80	8.65
2002	F	F010	6	258.0	57	3.73	1465	19.50	3.99
2002	F	F011	2	181.0	50	2.41	1486	18.80	9.18
2002	F	F012	1	259.0	57	3.76	1435	19.30	3.40
2002	F	F013	2	198.0	43	2.31	1426	19.70	9.82
2002	F	F014	0	248.0	50	2.81	1264	18.90	4.04
2002	F	F017	12	173.0	40	2.08	1437	22.40	6.75
2002	F	F018	3	236.0	43	3.25	1503	19.50	6.70
2002	F	F019	1	194.0	62	1.88	1429	17.30	8.20
2002	F	F021	0	190.0	36	3.01	1448	21.00	4.83
2002	F	F022	1	161.0	36	2.00	1521	20.50	8.48
2002	F	F023	1	232.0	34	2.33	1395	22.40	3.13
2002	F	F024	2	200.0	62	2.20	1330	17.20	13.90
2002	F	F025	8	179.0	26	1.85	1410	21.40	4.55
2002	F	F026	3	261.0	26	2.55	1440	22.20	4.05
2002	F	F027	5	189.0	34	2.43	1305	22.00	6.22
2002	F	F028	0	256.0	50	1.98	1335	18.30	4.22
2002	F	F029	0	232.0	63	2.60	1515	18.10	10.98
2002	F	F030	6	171.0	29	1.93	1365	20.30	6.50
2002	F	F031	2	184.0	63	2.35	1515	18.10	9.34
2002	F	F032	4	173.0	54	1.80	1485	20.00	11.38
2002	F	F033	3	238.0	40	2.90	1530	22.00	2.74
2002	F	F034	6	194.0	54	2.85	1470	20.10	8.41
2002	F	F035	10	158.0	36	1.83	1440	20.40	6.11
2002	F	F036	5	261.0	63	2.05	1365	17.80	7.42
2002	F	F037	3	231.0	43	3.15	1875	18.10	4.76
2002	F	F038	4	183.0	54	2.50	1485	20.00	10.83
2002	F	F039	0	261.0	47	3.40	1320	19.10	8.20
2002	F	F040	6	231.0	69	3.20	1365	13.70	10.43
2002	F	F041	3	151.0	36	2.00	1455	20.20	6.97
2002	F	F042	7	261.0	28	3.08	1650	20.80	8.78
2002	F	F043	2	172.0	47	3.20	1350	18.30	5.94
2002	F	F045	6	226.0	36	3.43	1500	20.70	3.89
2002	F	F046	1	174.0	57	1.94	1455	18.10	7.59
2002	F	F047	2	264.0	28	3.63	1650	20.50	7.97
2002	F	F048	4	179.0	64	2.10	1605	16.70	8.50
2002	F	F049	4	172.0	35	2.13	1470	21.80	13.33
2002	F	F050	3	178.0	47	1.88	1500	18.60	7.32
2002	F	F051	8	183.0	64	2.03	1410	16.50	6.99
2002	F	F052	7	181.0	43	2.23	1770	18.20	6.97
2002	F	F053	0	190.0	28	2.20	1500	20.00	5.38
2002	F	F054	4	177.0	64	1.90	1440	16.50	8.55
2002	F	F055	1	200.0	69	2.58	1335	12.80	28.60
2002	F	F056	2	242.0	27	6.28	1410	21.50	6.78
2007	F	F001	6	206.0	36	3.30	1406	19.90	5.25
2007	F	F002	1	208.0	35	2.10	1430	19.06	5.63
2007	F	F003	1	218.0	35	1.85	1320	20.48	5.63
2007	F	F004	1	211.0	36	2.28	1446	19.44	4.16
2007	F	F005	0	206.0	36	2.08	1391	18.76	1.72
2007	F	F006	2	223.0	35	2.15	1320	20.17	5.50
2007	F	F007	0	161.0	48	2.93	1275	17.50	7.88
2007	F	F008	5	201.0	35	2.28	1174	21.26	6.52
2007	F	F009	0	150.0	48	1.93	1345	15.38	10.63
2007	F	F010	11	239.0	36	2.93	1446	20.78	3.72
2007	F	F011	1	172.0	35	2.10	1271	20.20	10.67
2007	F	F012	1	231.0	57	3.40	1363	19.15	5.97
2007	F	F013	2	142.0	48	2.33	1420	17.15	11.40
2007	F	F014	0	218.0	57	2.53	1376	19.01	5.45
2007	F	F017	0	188.0	57	2.00	1403	19.17	6.81
2007	F	F018	2	237.0	27	2.60	1130	22.95	2.79
2007	F	F019	0	172.0	58	2.10	1220	18.35	7.25
2007	F	F020	6	250.0	27	1.95	1203	22.75	3.39
2007	F	F021	0	200.0	58	3.00	1260	18.31	4.68
2007	F	F022	1	167.0	51	1.83	1185	19.11	7.53
2007	F	F025	3	156.0	51	1.80	1280	18.34	6.89
2007	F	F026	3	252.0	27	2.15	1272	22.47	2.70
2007	F	F027	2	240.0	27	2.28	1366	23.00	3.04
2007	F	F028	0	253.0	28	1.93	1247	22.45	4.62
2007	F	F029	4	227.0	57	2.73	1470	10.67	8.10
2007	F	F030	1	166.0	51	2.13	1230	18.30	5.15
2007	F	F031	0	190.0	41	2.18	1460	19.64	10.11
2007	F	F032	2	200.0	30	2.00	1185	21.85	5.97
2007	F	F033	0	232.0	44	2.28	1325	18.72	5.36
2007	F	F034	3	208.0	42	2.58	1360	18.90	3.71
2007	F	F035	0	168.0	41	1.95	1530	18.94	29.40
2007	F	F036	0	250.0	44	2.55	1295	19.72	4.03
2007	F	F037	1	217.0	43	2.45	1415	17.93	6.87
2007	F	F038	1	192.0	41	2.58	1650	19.62	3.53
2007	F	F039	2	262.0	29	3.33	1452	23.07	4.16
2007	F	F040	2	220.0	42	3.05	1340	18.80	5.96
2007	F	F041	3	164.0	41	2.20	1410	18.07	20.40
2007	F	F042	0	225.0	44	3.13	1360	18.11	8.55
2007	F	F043	3	170.0	41	3.43	1455	19.04	26.30
2007	F	F045	2	219.0	41	3.58	1585	19.64	4.17
2007	F	F046	4	174.0	42	2.13	1420	18.11	19.50
2007	F	F047	1	217.0	43	3.50	1080	17.66	12.80
2007	F	F048	4	187.0	42	2.00	1254	17.62	10.24
2007	F	F049	2	196.0	44	1.90	1314	17.85	5.03
2007	F	F050	0	175.0	42	2.15	1359	17.59	9.94
2007	F	F051	0	196.0	43	2.08	1275	17.98	5.69
2007	F	F052	5	172.0	42	2.10	1518	17.59	9.15
2007	F	F054	3	182.0	43	2.13	1363	18.14	9.86
2007	F	F055	2	193.0	44	2.55	1327	18.33	7.36
2007	F	F056	2	190.0	62	5.50	1580	17.46	2.95
2009	F	F002	2	264.0	31	2.44	1410	19.40	6.12
2009	F	F005	0	207.0	27	2.11	1435	20.10	2.46
2009	F	F008	0	199.0	27	3.08	1475	21.10	5.43
2009	F	F010	0	258.0	27	3.13	1430	21.10	3.69
2009	F	F022	4	163.0	39	2.30	1440	18.40	5.51
2009	F	F023	2	253.0	31	3.10	1570	21.10	4.44
2009	F	F028	0	268.0	31	2.55	1455	19.20	4.68
2009	F	F030	7	161.0	39	2.23	1525	18.60	5.03
2009	F	F032	2	155.0	39	2.20	1495	18.50	6.97
2009	F	F033	4	260.0	39	3.40	1635	18.70	2.33
2009	F	F038	2	179.0	33	2.85	1439	20.90	3.72
2009	F	F039	1	274.0	39	4.08	1685	21.10	3.55
2009	F	F046	4	134.0	39	2.38	1555	19.30	6.15
2009	F	F048	5	159.0	34	2.43	1262	20.50	5.30
2009	F	F051	4	174.0	34	2.48	1330	19.20	4.19
2009	F	F052	1	144.0	34	2.18	1285	19.30	5.03
2009	F	F053	2	175.0	34	2.25	1410	18.60	3.81
2011	F	F002	6	215.0	57	2.35	1330	18.40	3.72
2011	F	F005	0	193.0	57	2.31	1450	18.50	2.04
2011	F	F008	3	223.0	58	3.05	1390	17.80	5.32
2011	F	F010	5	238.0	59	3.30	1465	17.60	7.38
2011	F	F013	5	192.0	58	2.38	1710	19.80	6.76
2011	F	F014	1	224.0	57	3.18	1338	19.40	3.05
2011	F	F023	2	232.0	57	2.93	1390	19.40	3.07
2011	F	F028	17	235.0	58	2.28	1300	19.50	2.98
2011	F	F030	6	197.0	58	2.08	1272	20.40	5.74
2011	F	F032	9	209.0	59	2.10	1435	18.90	12.00
2011	F	F033	5	255.0	59	3.33	1420	18.80	9.23
2011	F	F039	2	250.0	65	4.65	1485	13.80	4.70
2011	F	F046	1	188.0	65	3.03	1495	13.10	19.50
2011	F	F048	0	197.0	65	3.38	1360	13.30	11.60
2011	F	F051	1	229.0	64	3.35	1340	13.60	12.00
2011	F	F052	4	200.0	64	2.93	1410	12.80	14.00
2011	F	F053	4	243.0	64	3.00	1235	13.30	10.54
2013	F	F001	3	233.0	36	2.49	1401	21.52	5.73
2013	F	F002	3	240.0	35	2.45	1420	21.80	5.54
2013	F	F003	2	217.0	49	2.40	1465	17.22	4.82
2013	F	F004	0	227.0	48	3.18	1540	17.65	4.32
2013	F	F005	1	217.0	35	2.53	1550	20.86	3.67
2013	F	F006	3	239.0	28	2.50	1500	21.07	6.07
2013	F	F007	0	194.0	47	3.88	1470	17.62	6.92
2013	F	F008	1	212.0	47	3.20	1470	17.09	6.84
2013	F	F009	0	181.0	47	2.05	1415	17.33	9.24
2013	F	F010	2	281.0	43	2.03	1465	20.34	3.07
2013	F	F011	2	182.0	36	3.05	1395	20.94	11.30
2013	F	F012	3	275.0	27	4.38	1448	20.93	3.11
2013	F	F013	0	201.0	26	2.33	1430	22.08	4.82
2013	F	F014	1	257.0	26	3.55	1465	22.17	3.07
2013	F	F017	4	190.0	29	2.15	1500	20.40	8.63
2013	F	F018	1	242.0	64	3.20	1265	18.34	3.34
2013	F	F019	1	195.0	64	2.63	1370	17.45	5.85
2013	F	F020	3	267.0	64	2.33	1375	17.82	3.08
2013	F	F021	0	229.0	47	3.50	1495	17.25	5.28
2013	F	F022	3	217.0	34	2.38	1465	21.47	9.04
2013	F	F023	1	278.0	34	3.08	1390	21.50	6.61
2013	F	F024	2	226.0	34	2.90	1430	21.33	6.64
2013	F	F025	3	180.0	36	2.28	1380	19.13	8.83
2013	F	F026	1	275.0	26	2.95	1621	22.62	2.52
2013	F	F027	1	251.0	36	3.43	1440	19.93	5.23
2013	F	F028	0	274.0	26	2.75	1555	22.63	2.38
2013	F	F029	3	266.0	57	3.50	1415	16.69	2.64
2013	F	F030	0	194.0	26	2.18	1485	22.31	5.41
2013	F	F031	0	202.0	63	2.95	1575	17.83	4.92
2013	F	F032	0	210.0	29	2.30	1435	21.62	6.29
2013	F	F033	4	275.0	57	3.68	1480	16.42	2.56
2013	F	F034	3	228.0	29	3.53	1560	21.94	5.37
2013	F	F035	1	176.0	62	2.30	1415	17.30	12.50
2013	F	F036	2	274.0	63	2.38	1515	18.47	3.50
2013	F	F037	2	272.0	35	3.73	1500	21.00	4.20
2013	F	F038	8	221.0	35	3.45	1550	20.82	4.80
2013	F	F039	1	280.0	56	4.40	1455	16.53	4.07
2013	F	F040	1	240.0	35	4.10	1580	20.80	4.19
2013	F	F041	5	172.0	61	2.60	1440	17.30	6.35
2013	F	F042	0	271.0	56	4.00	1480	16.34	2.26
2013	F	F043	1	178.0	61	3.75	1380	17.15	5.04
2013	F	F045	0	223.0	56	4.28	1515	16.30	2.91
2013	F	F046	7	169.0	62	2.30	1580	17.79	18.20
2013	F	F047	1	269.0	50	4.10	1405	17.33	3.82
2013	F	F048	3	186.0	62	2.53	1565	17.75	6.46
2013	F	F049	5	208.0	50	2.58	1390	17.16	4.55
2013	F	F050	5	179.0	50	2.53	1425	17.13	7.43
2013	F	F051	1	214.0	50	2.55	1415	17.18	4.04
2013	F	F052	2	190.0	55	2.58	1560	16.72	6.11
2013	F	F053	3	229.0	54	2.50	1425	16.19	4.70
2013	F	F054	0	214.0	54	2.88	1465	16.25	4.79
2013	F	F055	0	224.0	55	3.15	1505	16.66	4.03
2013	F	F056	1	240.0	55	7.08	1475	16.80	4.64
2016	F	F002	4	261.3	39	2.05	1410	24.00	3.02
2016	F	F005	0	216.2	38	2.23	1640	24.80	1.18
2016	F	F008	0	214.7	38	2.95	1560	23.80	4.83
2016	F	F010	2	281.8	38	2.50	1710	24.10	4.01
2016	F	F013	2	188.1	37	2.58	1425	23.30	8.41
2016	F	F014	3	282.0	39	3.45	1425	24.00	5.30
2016	F	F022	6	200.4	37	2.30	1525	23.60	5.79
2016	F	F023	3	282.0	32	2.75	1420	22.30	2.52
2016	F	F028	2	281.4	31	2.40	1585	23.10	6.56
2016	F	F030	2	190.7	32	2.20	1505	22.60	7.42
2016	F	F032	3	194.2	32	2.00	1595	22.50	3.38
2016	F	F033	2	281.1	31	3.33	1535	23.00	3.32
2016	F	F038	5	211.8	31	3.08	1455	22.90	6.75
2016	F	F039	0	282.8	30	4.00	1495	23.50	4.14
2016	F	F046	2	173.2	30	2.30	1565	22.50	8.80
2016	F	F048	2	207.0	30	2.73	1643	23.40	7.34
2016	F	F051	3	207.9	29	2.48	1525	23.10	8.30
2016	F	F052	5	183.1	29	2.10	1645	23.30	6.06
2016	F	F053	1	202.0	29	2.28	1635	23.27	4.80
2019	F	F002	5	276.8	34	2.38	1680	21.00	8.94
2019	F	F005	2	259.0	34	2.75	1597	20.40	10.41
2019	F	F008	0	254.5	35	3.88	1530	20.70	7.75
2019	F	F013	0	226.2	35	3.10	1475	20.30	11.80
2019	F	F014	1	290.8	36	4.08	1465	20.30	7.46
2019	F	F022	1	242.8	36	3.20	1425	20.00	12.20
2019	F	F023	1	288.8	29	3.53	1430	21.80	7.40
2019	F	F028	2	301.2	29	3.03	1450	21.60	8.67
2019	F	F032	1	205.4	28	2.50	1585	22.20	13.90
2019	F	F033	0	290.5	28	3.83	1510	22.30	7.89
2019	F	F038	0	244.0	28	3.60	1660	22.50	10.30
2019	F	F039	4	297.6	27	4.45	1440	21.90	9.11
2019	F	F046	1	206.6	27	2.70	1490	22.20	16.60
2019	F	F048	0	222.0	27	3.20	1555	22.10	12.50
2019	F	F053	1	239.1	26	2.60	1576	22.80	7.13
2021	F	F001	4	258.0	24	1.44	1328	25.54	5.16
2021	F	F002	2	260.0	24	2.55	1422	26.06	4.32
2021	F	F003	5	252.0	25	2.38	1610	26.10	3.64
2021	F	F004	1	255.0	25	2.98	1585	26.45	5.72
2021	F	F005	2	252.0	25	2.30	1510	26.08	5.55
2021	F	F006	2	262.0	25	2.65	1480	25.47	4.98
2021	F	F007	0	239.0	24	3.68	1409	25.94	7.37
2021	F	F008	0	243.0	26	3.00	1560	25.38	6.69
2021	F	F009	1	228.0	26	1.93	1515	25.57	11.40
2021	F	F010	1	276.0	24	3.05	1438	25.68	4.17
2021	F	F011	0	231.0	26	3.05	1455	25.38	5.91
2021	F	F012	0	274.0	26	4.48	1440	25.01	9.42
2021	F	F013	3	193.0	32	1.88	1727	22.89	9.31
2021	F	F014	1	276.0	32	3.05	1700	22.64	5.03
2021	F	F017	2	226.0	33	1.88	1453	21.74	7.86
2021	F	F018	2	274.0	32	2.85	1610	22.43	7.74
2021	F	F019	1	232.0	33	1.88	1497	21.88	5.28
2021	F	F020	5	283.0	32	2.08	1505	22.66	6.28
2021	F	F021	0	263.0	31	2.90	1698	22.98	5.40
2021	F	F022	1	211.0	31	2.00	1766	23.28	8.18
2021	F	F023	0	283.0	31	2.75	1603	23.22	2.78
2021	F	F024	1	231.0	30	2.73	1645	23.56	5.75
2021	F	F025	4	207.0	30	2.03	1715	23.95	9.87
2021	F	F026	4	284.0	31	2.75	1486	22.60	5.50
2021	F	F027	3	263.0	30	3.23	1608	23.23	7.53
2021	F	F028	4	286.0	30	2.55	1466	22.86	6.52
2021	F	F029	0	280.9	33	3.05	1432	21.60	6.56
2021	F	F030	2	216.0	33	2.05	1490	21.91	7.17
2021	F	F031	5	238.9	33	2.75	1460	21.70	6.83
2021	F	F032	3	221.8	33	2.05	1455	21.90	8.25
2021	F	F033	1	278.0	44	3.43	1448	19.36	4.99
2021	F	F034	4	254.0	44	3.40	1526	19.51	6.21
2021	F	F035	1	215.0	44	2.40	1613	19.50	7.43
2021	F	F036	2	290.0	38	2.43	1584	20.77	3.61
2021	F	F037	1	274.0	45	3.20	1525	19.39	6.53
2021	F	F038	3	227.0	45	2.93	1585	19.63	5.93
2021	F	F039	0	280.0	45	3.80	1517	19.09	4.27
2021	F	F040	0	258.0	47	3.70	1466	19.76	3.90
2021	F	F041	0	209.0	47	2.53	1493	19.59	8.51
2021	F	F042	2	279.0	47	3.53	1433	19.37	3.43
2021	F	F043	0	215.0	52	3.53	1350	19.50	10.75
2021	F	F045	3	241.0	52	3.75	1395	20.00	3.45
2021	F	F046	4	197.0	52	2.28	1450	19.20	8.89
2021	F	F047	0	276.0	53	3.95	1535	20.21	3.01
2021	F	F048	0	225.0	53	2.43	1578	20.33	4.98
2021	F	F049	0	232.0	53	2.13	1618	20.43	3.15
2021	F	F050	4	224.5	53	2.23	1567	20.60	5.36
2021	F	F051	0	238.0	51	2.48	1640	20.40	3.51
2021	F	F052	1	216.2	53	2.05	1504	20.30	4.68
2021	F	F053	4	231.0	51	2.28	1573	20.18	3.27
2021	F	F054	1	224.2	53	2.38	1440	20.30	4.92
2021	F	F055	3	240.3	51	3.00	1610	20.50	3.80
2021	F	F056	2	267.1	47	6.78	1424	19.60	3.98
2002	G	F057	5	284.0	48	4.48	1680	18.90	8.20
2002	G	F058	2	278.0	48	4.98	1697	19.10	7.72
2002	G	F059	4	291.0	55	3.80	1687	19.90	2.11
2002	G	F060	1	279.0	48	4.00	1579	19.80	7.18
2002	G	F061	0	285.0	55	5.09	1581	19.90	2.45
2002	G	F062	0	287.0	61	4.13	1415	17.40	1.97
2002	G	F064	1	285.0	56	2.53	1647	19.40	3.97
2002	G	F065	2	288.0	49	2.43	1755	18.00	4.74
2002	G	F067	3	287.0	48	2.38	1298	19.30	4.14
2002	G	F069	0	283.0	56	2.39	1589	19.70	4.18
2002	G	F070	0	286.0	55	2.45	1559	19.00	2.89
2002	G	F071	1	287.0	47	2.03	1465	19.50	5.48
2002	G	F074	1	277.0	47	2.13	1307	19.20	7.47
2002	G	F075	1	284.0	56	2.53	1413	19.50	3.92
2002	G	F076	0	276.0	54	1.85	1450	20.10	3.63
2002	G	F077	0	283.0	54	2.21	1312	20.50	11.60
2002	G	F078	2	279.0	47	1.75	1249	17.80	4.99
2002	G	F079	0	295.0	47	2.33	1445	18.00	4.94
2002	G	F080	1	275.0	54	2.80	1440	20.30	5.95
2002	G	F081	0	288.0	63	2.95	1370	17.90	3.36
2002	G	F082	0	263.0	35	2.73	1551	22.10	2.88
2002	G	F083	0	275.0	54	2.85	1533	20.00	3.30
2002	G	F084	0	269.0	35	3.00	1548	22.10	3.45
2002	G	F085	2	293.0	26	2.83	1395	22.40	14.02
2002	G	F086	0	269.0	34	1.43	1249	22.70	1.61
2002	G	F087	4	264.0	34	2.45	1359	22.30	3.04
2002	G	F088	0	271.0	35	3.45	1517	21.90	2.01
2002	G	F089	4	290.0	49	3.03	1563	18.30	4.62
2002	G	F090	1	260.0	34	1.95	1470	22.10	1.54
2002	G	F091	0	284.0	29	2.70	1470	21.50	3.54
2002	G	F092	0	271.0	34	3.20	1470	22.40	2.49
2002	G	F093	5	293.0	50	2.60	1425	17.70	5.41
2002	G	F094	0	271.0	48	2.88	1605	17.90	3.55
2002	G	F095	4	281.0	57	2.10	1440	19.00	2.97
2002	G	F096	1	289.0	49	1.75	1440	16.70	8.17
2002	G	F097	3	276.0	29	2.48	1530	21.20	2.77
2002	G	F098	0	279.0	56	2.90	1485	19.20	2.61
2002	G	F099	0	272.0	40	2.83	1500	21.90	1.75
2002	G	F100	4	288.0	71	3.35	1500	14.00	6.78
2002	G	F101	0	286.0	48	1.90	1590	17.10	6.98
2002	G	F102	0	274.0	56	1.83	1635	18.70	3.75
2002	G	F103	0	261.0	40	1.73	1470	22.20	4.71
2002	G	F104	1	272.0	48	2.65	1680	18.20	3.78
2002	G	F105	1	269.0	56	1.83	1665	18.50	3.27
2002	G	F107	1	284.0	49	2.10	1620	17.30	8.70
2002	G	F108	0	297.0	55	1.90	1470	17.80	8.64
2002	G	F109	2	293.0	55	2.23	1695	18.50	9.66
2002	G	F110	8	277.0	71	3.10	1545	13.00	9.16
2002	G	F111	4	276.0	27	4.00	1550	20.80	3.08
2002	G	F112	2	316.0	61	2.23	1305	14.20	12.63
2002	G	F113	1	267.0	27	2.23	1525	20.00	5.91
2002	G	F114	1	285.0	70	3.90	1500	14.10	8.01
2002	G	F115	2	284.0	61	2.85	1305	16.90	6.39
2002	G	F117	1	281.0	49	6.58	1665	18.00	6.37
2002	G	F119	1	283.0	61	5.10	1230	15.80	6.53
2002	G	F120	1	289.0	70	6.83	1530	15.00	7.31
2002	G	F121	2	259.0	35	6.58	1590	22.00	3.43
2007	G	F057	0	252.0	35	4.08	1456	20.73	11.20
2007	G	F058	0	260.0	36	4.28	1410	20.82	7.55
2007	G	F059	2	272.0	30	3.98	1300	22.64	3.90
2007	G	F060	2	261.0	37	3.40	1315	20.52	5.06
2007	G	F061	0	270.0	30	3.90	1312	22.60	3.85
2007	G	F062	1	261.0	37	4.80	1295	20.30	3.48
2007	G	F063	0	219.0	30	2.18	1350	22.38	17.20
2007	G	F064	2	266.0	36	3.15	1420	21.80	5.53
2007	G	F065	1	265.0	37	3.13	1277	20.49	4.42
2007	G	F066	0	261.0	37	2.00	1220	20.53	3.52
2007	G	F067	3	260.0	58	2.20	1300	19.50	5.12
2007	G	F068	0	241.0	30	2.08	1361	22.65	16.50
2007	G	F069	0	260.0	37	2.38	1215	20.86	4.83
2007	G	F070	2	259.0	37	2.13	1327	20.05	5.33
2007	G	F071	0	273.0	28	2.10	1276	22.21	7.14
2007	G	F074	0	245.0	48	2.09	1190	17.54	18.30
2007	G	F075	0	249.0	48	2.35	570	17.62	4.45
2007	G	F076	4	223.0	49	1.80	1345	17.30	9.14
2007	G	F077	1	231.0	49	1.80	1445	16.76	17.60
2007	G	F078	9	227.0	50	1.89	1300	17.89	23.30
2007	G	F079	4	238.0	50	2.05	1340	17.93	18.30
2007	G	F080	2	259.0	49	2.03	1110	18.68	7.16
2007	G	F082	4	246.0	50	2.10	1395	18.09	9.37
2007	G	F083	2	270.0	29	2.28	1469	21.95	6.59
2007	G	F084	3	272.0	29	2.68	1297	22.43	9.16
2007	G	F085	0	275.0	28	2.38	1471	22.30	6.96
2007	G	F087	8	240.0	51	2.10	1340	17.95	11.30
2007	G	F088	1	267.0	29	2.63	1653	21.83	14.60
2007	G	F089	0	274.0	28	2.65	1232	22.30	13.10
2007	G	F090	6	226.0	58	2.23	1445	18.83	32.90
2007	G	F091	1	244.0	51	1.98	1345	17.87	5.69
2007	G	F092	4	272.0	28	2.28	1579	22.58	5.05
2007	G	F093	1	238.0	50	2.50	1315	17.83	13.90
2007	G	F094	0	247.0	50	2.05	1445	18.16	4.92
2007	G	F095	2	252.0	49	2.00	1240	17.90	4.18
2007	G	F096	3	246.0	30	1.80	1113	21.95	23.50
2007	G	F097	3	260.0	29	1.98	1436	22.86	8.92
2007	G	F098	0	248.0	49	2.73	1275	18.08	5.09
2007	G	F099	1	273.0	28	2.50	1656	23.42	5.42
2007	G	F100	2	274.0	29	2.73	1502	22.37	9.95
2007	G	F101	2	242.0	58	2.45	1480	18.80	15.80
2007	G	F102	4	234.0	49	1.93	1380	17.52	11.80
2007	G	F104	1	248.0	50	2.15	1285	18.33	3.60
2007	G	F105	6	234.0	55	2.00	1435	18.33	16.50
2007	G	F107	3	246.0	51	1.95	1175	18.77	4.58
2007	G	F109	0	224.0	55	1.89	1445	17.53	17.90
2007	G	F110	0	252.0	62	3.20	1065	18.47	2.04
2007	G	F111	2	256.0	62	4.48	1115	18.52	2.24
2007	G	F112	1	237.0	55	2.50	1435	18.63	8.95
2007	G	F113	0	223.0	62	2.40	1330	16.53	8.10
2007	G	F114	1	256.0	62	5.73	1165	18.07	2.69
2007	G	F115	1	255.0	62	3.58	615	18.31	5.50
2007	G	F117	1	258.0	55	6.50	1300	19.15	5.52
2007	G	F118	0	260.0	55	4.00	1485	19.21	3.40
2007	G	F119	0	236.0	55	4.88	1365	18.33	14.00
2007	G	F120	2	258.0	62	9.10	1330	18.23	2.36
2007	G	F121	0	248.0	62	8.35	1305	16.95	9.03
2009	G	F058	4	282.0	31	6.25	1460	19.50	4.60
2009	G	F064	3	280.0	25	2.28	1300	22.50	4.13
2009	G	F065	2	285.0	25	2.88	1295	22.40	3.63
2009	G	F067	2	284.0	25	3.38	1635	22.50	5.49
2009	G	F069	1	281.0	25	3.30	1620	22.40	5.49
2009	G	F074	1	275.0	32	2.55	1421	18.80	3.32
2009	G	F076	9	270.0	31	2.33	1340	18.40	7.18
2009	G	F083	5	286.0	25	3.73	1690	22.20	3.87
2009	G	F090	11	271.0	32	2.50	1501	18.50	4.97
2009	G	F093	9	279.0	32	3.28	1490	19.20	3.32
2009	G	F095	2	294.0	31	2.60	1330	20.60	5.12
2009	G	F096	16	267.0	33	2.33	1395	19.10	3.72
2009	G	F099	4	291.0	32	3.25	1447	20.10	1.82
2009	G	F102	9	284.0	32	2.35	1522	20.40	2.30
2009	G	F105	4	279.0	33	2.63	1425	18.60	2.66
2009	G	F109	2	276.0	33	2.55	1445	18.60	3.30
2009	G	F112	2	279.0	33	2.93	1398	20.80	2.32
2009	G	F114	3	289.0	39	4.85	775	19.30	6.42
2009	G	F117	1	287.0	34	7.10	1325	20.70	2.20
2009	G	F119	0	269.0	34	4.20	1405	20.60	4.61
2011	G	F058	0	212.0	58	6.00	1455	17.80	7.33
2011	G	F064	4	208.0	58	3.30	1500	17.50	9.72
2011	G	F065	3	226.0	57	2.38	1270	17.60	3.59
2011	G	F067	3	255.0	60	3.00	1410	17.50	2.36
2011	G	F069	4	225.0	59	3.00	1380	17.60	11.30
2011	G	F074	2	215.0	60	2.43	1425	17.60	9.83
2011	G	F076	24	167.0	59	2.25	1510	16.60	59.60
2011	G	F082	6	236.0	60	3.15	1373	17.60	7.05
2011	G	F083	2	259.0	59	3.20	1450	18.80	7.91
2011	G	F089	8	261.0	60	3.75	1415	17.70	3.48
2011	G	F090	10	211.0	64	2.23	1365	11.60	72.60
2011	G	F093	2	215.0	64	3.68	1320	11.60	60.30
2011	G	F095	6	251.0	65	2.95	1545	13.10	17.90
2011	G	F096	0	192.0	64	2.45	1240	11.50	69.40
2011	G	F099	3	248.0	65	4.05	1430	13.10	38.90
2011	G	F102	15	232.0	65	2.55	1460	13.10	80.00
2011	G	F105	1	250.0	67	2.90	1400	12.20	18.00
2011	G	F109	12	249.0	67	3.05	1315	11.60	18.90
2011	G	F112	1	249.0	67	3.35	1360	12.00	20.60
2011	G	F114	0	259.0	67	5.20	1410	12.50	8.46
2011	G	F117	0	257.0	67	7.90	1380	11.40	12.80
2011	G	F119	1	162.0	67	5.10	1355	11.10	21.20
2013	G	F058	0	267.0	40	4.23	1440	19.19	4.77
2013	G	F059	1	287.0	34	4.45	1325	22.65	9.17
2013	G	F060	0	267.0	40	5.00	1395	19.04	7.42
2013	G	F061	2	287.0	42	4.05	1610	19.33	2.79
2013	G	F062	1	292.0	27	6.53	1415	20.86	2.49
2013	G	F063	4	219.0	41	2.60	1455	17.51	13.60
2013	G	F064	6	271.0	43	2.80	1410	19.64	7.14
2013	G	F065	0	290.0	42	2.88	1590	19.34	2.48
2013	G	F066	1	286.0	42	2.28	785	19.44	2.84
2013	G	F067	2	281.0	29	2.65	1464	20.25	4.29
2013	G	F068	0	230.0	41	2.23	1548	17.95	12.60
2013	G	F069	1	277.0	49	2.70	1760	16.88	9.92
2013	G	F070	5	278.0	29	2.53	1420	20.17	2.81
2013	G	F071	1	290.0	28	3.28	1490	20.32	4.76
2013	G	F074	0	270.0	61	2.23	1630	17.92	6.83
2013	G	F075	0	285.0	28	2.78	1520	19.80	13.40
2013	G	F076	10	149.0	48	2.20	1531	14.51	11.10
2013	G	F077	4	266.0	62	2.00	1440	17.51	8.53
2013	G	F078	13	256.0	61	2.00	1440	17.15	8.90
2013	G	F079	13	272.0	62	2.37	1325	17.92	8.10
2013	G	F080	5	285.0	62	2.73	1505	17.61	2.80
2013	G	F081	0	297.0	40	2.85	1515	19.27	2.58
2013	G	F082	6	282.0	57	3.10	1480	16.32	4.17
2013	G	F083	3	293.0	43	3.35	1420	19.77	3.95
2013	G	F084	2	289.0	47	3.70	1455	17.65	5.12
2013	G	F085	1	294.0	43	3.45	1420	19.83	2.76
2013	G	F086	10	281.0	63	2.00	1545	17.76	9.99
2013	G	F087	6	278.0	57	3.23	1455	16.25	7.18
2013	G	F088	6	289.0	55	3.68	1440	16.74	4.79
2013	G	F089	1	290.0	47	3.85	1480	18.09	3.79
2013	G	F090	9	176.0	48	2.70	1510	14.96	11.20
2013	G	F091	7	278.0	48	3.28	1520	16.78	7.75
2013	G	F092	0	287.0	49	3.80	1590	17.54	3.36
2013	G	F093	14	254.0	49	3.30	1675	17.29	10.56
2013	G	F094	9	280.0	49	3.58	1620	17.50	4.12
2013	G	F095	3	300.0	27	2.50	1440	22.52	3.55
2013	G	F096	5	259.0	63	2.23	1500	17.31	11.40
2013	G	F097	4	279.0	63	2.35	1470	17.46	7.73
2013	G	F098	4	298.0	27	3.85	1460	22.52	4.04
2013	G	F099	2	285.0	54	3.65	1385	16.58	4.52
2013	G	F100	3	296.0	27	3.88	1485	22.53	3.04
2013	G	F101	12	275.0	54	2.35	1375	15.30	18.20
2013	G	F102	4	281.0	54	2.15	1350	15.51	20.40
2013	G	F104	1	286.0	55	3.65	1450	16.37	4.49
2013	G	F105	2	277.0	56	2.68	1415	16.00	10.44
2013	G	F107	3	276.0	28	2.80	1510	21.76	8.47
2013	G	F108	1	262.0	61	2.58	1555	17.58	6.96
2013	G	F109	5	275.0	56	2.73	1565	15.86	9.72
2013	G	F110	2	281.0	28	3.33	1550	21.83	5.81
2013	G	F111	1	277.0	28	4.55	1625	21.94	6.59
2013	G	F112	8	272.0	41	2.80	1460	19.00	7.36
2013	G	F113	3	240.0	41	2.43	1600	18.96	7.85
2013	G	F114	0	292.0	42	5.70	1505	19.63	3.59
2013	G	F115	0	290.0	42	4.03	1530	19.86	3.59
2013	G	F117	1	285.0	42	7.70	1565	20.00	3.47
2013	G	F118	0	297.0	40	4.65	1370	19.48	2.72
2013	G	F119	0	234.0	54	6.10	1520	14.34	18.00
2013	G	F120	2	297.0	40	6.90	1395	19.12	3.48
2013	G	F121	0	267.0	40	6.95	1455	17.82	11.20
2016	G	F058	0	290.1	39	4.30	1460	24.00	6.68
2016	G	F064	1	297.0	39	2.78	1440	23.74	3.48
2016	G	F065	2	298.0	37	2.20	1530	23.88	3.26
2016	G	F067	2	298.0	38	2.68	1648	23.96	2.98
2016	G	F069	4	295.0	39	2.55	855	24.05	4.40
2016	G	F074	7	289.0	39	2.13	1465	24.05	6.67
2016	G	F076	22	273.0	38	2.20	1677	24.04	10.83
2016	G	F082	5	296.0	37	3.00	1375	23.23	3.07
2016	G	F083	3	300.0	37	3.10	1600	24.16	6.60
2016	G	F089	8	294.0	32	3.43	1415	22.43	4.92
2016	G	F090	19	285.0	38	2.40	1451	23.81	7.04
2016	G	F093	25	271.0	32	3.08	1465	21.77	21.70
2016	G	F095	1	294.0	31	2.25	1685	23.82	5.10
2016	G	F096	28	266.0	32	2.18	1575	21.73	19.40
2016	G	F099	15	293.0	31	3.43	1575	23.17	4.98
2016	G	F102	21	285.0	31	2.20	1425	22.90	7.75
2016	G	F105	8	285.0	30	2.68	1543	23.14	6.92
2016	G	F109	11	286.0	30	2.40	1620	23.12	6.96
2016	G	F112	1	283.0	30	2.98	1601	23.16	7.30
2016	G	F114	1	293.0	29	4.60	1386	23.39	6.18
2016	G	F117	5	293.0	29	8.15	1457	23.45	4.78
2016	G	F119	2	292.0	29	4.20	1560	22.82	12.90
2019	G	F058	1	289.0	34	6.45	1481	20.78	9.74
2019	G	F064	4	286.0	34	2.75	1563	21.01	8.11
2019	G	F065	2	294.0	34	2.18	1646	20.94	8.33
2019	G	F067	4	299.0	35	3.78	1485	20.60	4.18
2019	G	F069	8	287.0	35	3.55	1484	20.41	6.44
2019	G	F074	0	279.0	35	3.00	1567	20.58	10.47
2019	G	F076	11	276.0	35	2.70	1606	19.78	10.52
2019	G	F082	9	287.0	36	3.90	1407	20.03	6.64
2019	G	F083	1	303.2	36	4.00	1520	20.20	7.23
2019	G	F089	3	301.0	29	3.90	1435	21.77	7.30
2019	G	F090	8	281.0	36	2.38	1397	19.71	14.60
2019	G	F093	12	283.0	29	3.53	1461	21.53	11.70
2019	G	F095	3	300.0	28	2.80	1528	22.30	5.92
2019	G	F096	2	274.0	29	2.40	1533	21.88	5.64
2019	G	F099	2	297.0	28	3.98	1582	22.50	5.67
2019	G	F102	7	289.0	28	2.58	1619	22.74	9.18
2019	G	F105	3	288.0	27	3.00	1438	22.56	7.38
2019	G	F109	1	284.0	27	2.80	1470	22.61	5.60
2019	G	F112	3	288.0	26	3.03	1538	23.00	5.70
2019	G	F114	2	298.0	27	4.90	1529	22.41	7.76
2019	G	F117	2	293.0	26	8.33	1537	22.86	4.84
2019	G	F119	1	280.0	26	4.85	1473	22.56	4.84
2021	G	F057	0	288.1	25	4.85	1479	25.70	8.30
2021	G	F058	0	291.9	24	4.48	1511	25.70	4.04
2021	G	F059	3	300.7	24	4.65	1468	25.40	3.48
2021	G	F060	2	289.7	25	6.65	1517	25.70	5.81
2021	G	F061	1	299.4	24	5.15	1495	25.50	2.72
2021	G	F062	2	299.3	24	6.95	1418	25.70	3.66
2021	G	F063	8	307.6	32	2.55	1602	22.40	16.40
2021	G	F064	3	292.6	32	2.55	1596	22.80	6.12
2021	G	F065	4	296.7	25	4.08	1574	25.60	2.31
2021	G	F066	0	294.3	25	1.98	1597	26.20	3.31
2021	G	F067	2	293.3	26	2.89	1425	24.70	6.64
2021	G	F068	5	293.1	32	2.08	1557	22.30	20.60
2021	G	F069	5	290.6	26	2.95	1599	24.70	4.33
2021	G	F070	0	292.7	26	2.98	1480	24.90	6.85
2021	G	F071	2	298.7	30	2.43	1565	23.90	7.09
2021	G	F074	2	286.6	32	2.20	1465	22.40	10.67
2021	G	F075	3	294.4	26	3.15	1508	24.00	4.18
2021	G	F076	3	287.1	39	2.10	1582	20.30	7.56
2021	G	F077	5	286.5	39	2.28	1458	20.80	8.10
2021	G	F078	2	285.8	39	2.10	1629	20.40	5.49
2021	G	F079	3	279.0	53	2.40	1447	20.10	15.70
2021	G	F080	2	297.8	38	3.03	1422	20.20	4.60
2021	G	F081	0	299.5	30	3.20	1530	23.80	7.45
2021	G	F082	3	292.7	30	3.05	1452	23.40	4.75
2021	G	F083	4	299.9	31	3.13	1539	22.70	7.12
2021	G	F084	1	297.6	30	3.30	1428	23.30	5.51
2021	G	F085	11	301.6	31	3.20	1586	23.30	6.22
2021	G	F086	17	280.0	39	1.85	1450	19.91	8.85
2021	G	F088	13	304.3	38	3.38	1522	20.50	4.63
2021	G	F089	5	301.3	31	3.40	1625	23.40	5.98
2021	G	F090	10	284.0	40	2.50	1529	20.00	21.20
2021	G	F091	11	298.2	40	2.93	1481	20.10	7.37
2021	G	F092	7	304.4	38	3.58	1612	20.60	7.08
2021	G	F093	19	277.0	40	3.13	1447	19.97	19.00
2021	G	F094	13	301.5	44	3.35	1495	19.30	5.07
2021	G	F095	0	301.4	31	2.05	1666	23.20	5.88
2021	G	F096	17	284.0	40	2.18	1560	19.50	17.00
2021	G	F097	4	297.4	44	2.75	1421	19.20	8.02
2021	G	F098	1	306.1	40	3.78	1446	20.10	9.11
2021	G	F099	2	304.1	44	3.60	1413	18.90	4.34
2021	G	F100	1	297.0	38	3.80	1522	20.39	5.96
2021	G	F101	3	290.6	46	2.25	1507	19.10	7.58
2021	G	F102	4	291.1	46	2.25	1550	19.34	7.29
2021	G	F103	5	290.6	46	2.15	1458	18.90	8.45
2021	G	F104	3	300.3	45	3.10	1529	19.30	6.53
2021	G	F105	1	292.0	45	2.20	1478	19.30	10.09
2021	G	F107	1	286.0	38	2.38	1484	19.94	7.21
2021	G	F108	0	290.8	45	2.40	1627	19.30	16.00
2021	G	F109	1	290.2	45	2.73	1676	19.50	17.10
2021	G	F110	2	287.0	46	2.70	1455	28.92	5.66
2021	G	F111	1	291.0	46	4.38	1551	19.39	4.43
2021	G	F112	0	277.0	46	3.13	1472	18.85	10.69
2021	G	F113	1	291.4	51	2.40	1462	19.70	8.82
2021	G	F114	1	303.2	51	5.18	1446	19.70	6.75
2021	G	F115	2	301.5	51	3.60	1380	19.90	8.43
2021	G	F117	1	301.1	52	7.33	1482	19.80	4.57
2021	G	F118	0	305.0	47	5.08	1463	19.80	4.14
2021	G	F119	2	291.4	52	5.08	1532	19.00	8.99
2021	G	F120	0	304.7	47	8.08	1449	19.70	3.61
2001	H	F001	3	161.0	76	4.20	1245	14.80	1.60
2001	H	F002	0	160.0	76	2.13	1260	14.30	1.04
2001	H	F004	0	159.0	76	2.70	1170	14.50	1.97
2001	H	F005	0	286.0	76	5.38	1155	14.70	0.84
2001	H	F006	2	297.0	58	6.33	1210	17.60	1.52
2001	H	F008	0	161.0	76	2.30	1090	14.60	1.24
2001	H	F011	0	297.0	58	4.90	1240	17.50	1.08
2001	H	F012	0	298.0	58	6.40	1100	17.50	1.47
2001	H	F013	0	293.0	58	5.70	1263	17.00	1.43
2001	H	F014	0	288.0	55	2.14	1280	19.00	1.65
2001	H	F015	0	288.0	56	2.25	1700	19.00	2.15
2001	H	F016	0	298.0	58	2.90	1410	17.80	1.20
2001	H	F018	0	294.0	57	4.12	1285	18.50	1.36
2001	H	F019	0	296.0	57	2.90	1245	18.30	1.03
2001	H	F021	1	280.0	56	5.95	1350	18.70	2.25
2001	H	F022	2	281.0	55	2.29	1425	19.00	1.60
2001	H	F023	0	295.0	57	5.64	1245	18.50	1.27
2001	H	F024	1	286.0	56	3.66	1405	19.20	1.48
2001	H	F025	0	297.0	57	4.33	1394	19.00	1.09
2001	H	F028	1	236.0	55	3.89	1430	19.10	2.02
2001	H	F029	2	285.0	56	4.75	1420	19.00	1.48
2001	H	F030	1	281.0	56	2.36	1315	18.80	1.63
2001	H	F031	0	288.0	55	9.37	1325	19.20	1.45
2001	H	F032	0	306.0	55	1.83	1520	19.50	2.95
2001	H	F033	0	299.0	57	4.93	1382	18.50	1.25
2001	H	F034	0	291.0	51	1.63	1470	19.00	1.50
2001	H	F035	1	294.0	51	4.71	1375	18.70	1.10
2001	H	F036	0	290.0	50	2.59	1150	20.00	1.21
2001	H	F037	1	76.0	51	8.84	1371	18.80	5.60
2001	H	F038	1	301.0	50	9.68	1260	18.80	1.84
2001	H	F039	4	286.0	50	8.68	1229	20.00	1.20
2001	H	F040	4	163.0	49	10.48	1500	19.50	3.48
2001	H	F041	1	117.0	62	2.80	1445	16.20	6.20
2001	H	F042	0	287.0	49	4.15	1318	18.90	1.16
2001	H	F043	0	101.0	48	3.73	1410	18.00	5.25
2001	H	F044	1	158.0	48	5.45	1215	18.50	4.03
2001	H	F045	1	286.0	49	3.95	1290	18.90	0.92
2001	H	F046	0	274.0	48	6.73	1361	19.10	1.36
2001	H	F047	0	287.0	49	4.00	1340	18.90	1.23
2001	H	F049	3	285.0	49	5.42	1110	18.40	1.26
2001	H	F050	2	284.0	50	9.45	1391	19.00	1.91
2001	H	F051	0	106.0	48	4.75	1230	18.30	5.62
2001	H	F052	2	118.0	48	6.55	1255	18.20	5.05
2001	H	F053	4	291.0	49	9.45	1365	18.90	1.06
2001	H	F054	1	285.0	50	7.65	1400	19.20	1.28
2001	H	F055	1	96.0	63	5.64	1455	16.00	7.75
2001	H	F056	1	279.0	62	5.38	1520	17.30	3.31
2001	H	F057	2	96.0	63	7.40	1410	16.00	7.33
2001	H	F058	0	280.0	62	5.25	1610	17.40	2.52
2001	H	F060	1	289.0	51	7.55	1485	19.50	1.70
2001	H	F061	0	118.0	63	7.55	1425	16.40	6.31
2001	H	F062	0	284.0	62	8.85	1370	17.10	1.18
2001	H	F063	1	295.0	51	10.60	1516	19.00	1.30
2001	H	F067	0	283.0	62	6.10	1430	17.30	1.45
2001	H	F068	0	100.0	63	1.88	1459	16.00	8.24
2001	H	F069	0	279.0	62	3.48	1535	17.40	1.47
2001	H	F072	0	97.0	63	6.15	1304	16.20	7.29
2001	H	F074	1	100.0	64	3.73	1505	16.40	6.62
2001	H	F075	2	282.0	64	3.60	1437	17.20	1.64
2001	H	F077	0	170.0	65	4.15	1193	16.70	6.02
2001	H	F078	0	296.0	70	2.05	1210	13.10	2.76
2001	H	F081	2	199.0	70	2.05	1113	12.50	5.60
2001	H	F082	1	298.0	71	3.96	1275	13.60	3.22
2001	H	F083	3	280.0	71	3.15	1388	13.30	2.04
2001	H	F084	0	297.0	71	3.89	1390	13.80	1.85
2001	H	F085	0	227.0	70	4.85	1110	12.70	3.90
2001	H	F086	1	298.0	70	3.85	1375	13.60	2.20
2001	H	F087	3	300.0	70	4.58	1250	13.10	3.00
2001	H	F089	2	276.0	70	3.25	1285	13.20	2.56
2001	H	F090	2	298.0	72	5.41	1260	14.10	3.52
2001	H	F091	1	282.0	72	2.00	1098	14.00	2.42
2001	H	F092	1	281.0	72	4.53	1213	13.90	2.84
2001	H	F093	0	287.0	72	5.03	1220	14.30	2.95
2001	H	F094	0	115.0	72	5.83	1127	13.30	9.04
2010	H	F001	0	301.0	39	4.53	1590	20.56	1.50
2010	H	F002	3	279.0	39	2.28	1476	19.07	1.24
2010	H	F006	0	276.0	39	6.23	1605	20.65	1.35
2010	H	F008	0	279.0	39	2.25	1310	19.48	1.11
2010	H	F009	0	279.0	39	2.20	1315	19.33	1.74
2010	H	F011	0	278.0	39	4.23	1238	19.52	2.67
2010	H	F012	1	250.0	39	5.63	1512	19.47	2.50
2010	H	F013	2	299.0	33	5.58	1490	23.48	1.23
2010	H	F014	0	294.0	33	2.44	1425	23.61	2.00
2010	H	F015	0	299.0	33	2.80	1420	23.57	0.97
2010	H	F016	0	301.0	38	2.18	1680	20.76	1.50
2010	H	F018	0	299.0	32	3.95	1530	23.39	1.86
2010	H	F019	0	301.0	38	2.03	1710	20.89	1.37
2010	H	F020	2	300.0	33	5.33	1485	23.29	0.87
2010	H	F022	0	294.0	32	2.53	1450	23.24	1.83
2010	H	F024	0	305.0	38	3.48	1740	20.72	1.67
2010	H	F028	0	297.0	38	3.00	1780	20.65	1.69
2010	H	F029	0	299.0	31	6.03	1530	22.58	1.80
2010	H	F030	1	248.0	38	2.95	1525	20.01	3.00
2010	H	F033	1	300.0	32	3.53	1480	23.54	1.58
2010	H	F034	1	301.0	31	3.85	1675	22.56	2.07
2010	H	F035	0	298.0	31	5.50	1685	22.90	1.67
2010	H	F036	0	300.0	32	2.58	1690	23.09	1.56
2010	H	F038	0	253.0	38	9.60	1550	20.05	2.42
2010	H	F040	0	200.0	38	10.55	1470	19.56	4.81
2010	H	F041	1	215.0	38	2.68	1325	19.69	3.26
2010	H	F042	0	285.0	33	4.73	1292	23.43	1.25
2010	H	F044	0	197.0	33	2.10	1334	24.20	4.65
2010	H	F045	0	293.0	32	2.70	1437	23.58	1.76
2010	H	F047	0	302.0	39	4.05	1655	20.21	1.60
2010	H	F049	0	284.0	33	3.95	1314	23.48	1.51
2010	H	F050	0	294.0	32	10.48	1300	23.42	2.93
2010	H	F051	1	187.0	32	3.75	1475	24.45	5.69
2010	H	F053	0	284.0	31	9.73	1381	23.13	1.44
2010	H	F054	1	294.0	32	7.93	1365	23.40	1.86
2010	H	F055	0	168.0	30	5.38	1096	22.98	5.48
2010	H	F056	0	284.0	31	5.88	1430	23.24	2.08
2010	H	F057	1	177.0	30	6.83	1055	22.91	4.94
2010	H	F058	1	283.0	31	6.20	1370	23.24	1.62
2010	H	F061	0	227.0	31	7.45	1380	23.57	4.27
2010	H	F062	0	280.0	30	9.25	1047	22.75	1.82
2010	H	F078	1	247.0	40	3.58	1370	19.02	1.98
2010	H	F082	1	246.0	40	4.00	1385	18.60	4.94
2010	H	F084	0	306.0	40	4.45	1380	19.70	2.13
2010	H	F086	0	305.0	40	2.68	1350	19.63	1.75
2010	H	F087	0	246.0	40	4.38	1405	18.58	4.57
2010	H	F090	1	307.0	40	6.60	1315	19.21	4.05
2015	H	F001	1	309.1	39	5.38	1514	23.90	0.88
2015	H	F002	0	310.9	39	2.53	1555	24.10	0.87
2015	H	F004	0	303.0	39	4.45	1475	23.99	0.88
2015	H	F005	0	308.3	39	6.95	1488	23.70	0.85
2015	H	F006	0	303.0	39	7.20	1434	23.91	0.90
2015	H	F008	0	308.3	40	3.13	1610	23.60	1.34
2015	H	F009	0	308.5	40	3.55	1530	23.50	0.73
2015	H	F011	0	308.0	40	6.48	1500	23.40	0.92
2015	H	F012	1	305.0	40	6.50	1562	23.58	0.98
2015	H	F013	0	303.0	40	5.70	1452	23.40	1.04
2015	H	F014	0	295.0	40	3.05	1470	23.50	1.41
2015	H	F015	0	303.0	40	3.03	1475	23.44	0.90
2015	H	F016	0	303.0	40	3.88	1511	23.52	0.98
2015	H	F017	0	309.1	41	2.88	1485	23.10	1.57
2015	H	F018	0	302.0	39	5.23	1320	23.83	1.14
2015	H	F019	1	303.0	39	2.40	1277	24.09	0.84
2015	H	F020	0	309.1	41	6.15	1460	23.10	1.17
2015	H	F021	1	295.7	33	6.33	1585	23.00	1.50
2015	H	F022	0	294.7	41	2.13	1440	23.30	1.48
2015	H	F023	0	302.0	41	6.58	1448	23.16	1.15
2015	H	F024	1	295.9	33	3.93	1505	23.10	1.09
2015	H	F025	0	304.0	41	5.98	1432	23.34	1.03
2015	H	F026	0	302.0	41	5.60	1395	23.11	1.37
2015	H	F028	1	292.5	31	4.40	1585	22.60	1.33
2015	H	F029	0	302.0	31	5.93	1323	22.39	2.00
2015	H	F030	7	294.0	31	4.58	1555	22.60	1.78
2015	H	F031	0	292.3	31	11.98	1466	22.50	1.56
2015	H	F032	1	347.0	31	2.25	1355	22.64	2.20
2015	H	F033	0	302.0	31	4.08	1397	22.56	1.23
2015	H	F034	0	294.0	32	4.78	1450	22.89	1.66
2015	H	F035	0	302.0	32	6.40	1548	22.87	0.87
2015	H	F036	0	295.0	32	3.18	1497	22.80	1.57
2015	H	F037	1	180.9	32	10.65	1508	22.90	3.85
2015	H	F038	0	320.0	33	9.50	1485	23.17	2.77
2015	H	F039	0	299.0	33	9.40	1491	22.85	2.31
2015	H	F040	0	190.2	33	9.25	1475	23.20	3.47
2015	H	F041	1	217.0	32	3.05	1615	23.00	3.68
2015	H	F042	0	299.0	33	5.60	1521	22.90	1.56
2015	H	F043	2	156.2	34	5.03	1400	22.80	5.83
2015	H	F044	2	187.7	34	2.95	1419	22.80	4.04
2015	H	F045	0	299.0	33	3.90	1410	23.07	2.40
2015	H	F046	1	220.9	34	10.00	1450	22.70	2.17
2015	H	F047	0	298.0	34	6.00	1385	22.53	1.91
2015	H	F048	0	298.0	34	8.60	1485	22.64	1.44
2015	H	F049	0	296.0	34	5.38	1405	22.56	1.93
2015	H	F050	2	296.0	34	12.08	1430	22.55	2.61
2015	H	F051	0	158.4	46	4.78	1685	21.00	14.00
2015	H	F052	0	129.0	46	7.73	1660	21.00	7.21
2015	H	F053	1	299.7	46	11.03	1593	21.50	1.88
2015	H	F054	0	298.0	45	9.40	1414	21.32	2.82
2015	H	F055	2	138.7	45	6.38	1310	19.90	19.70
2015	H	F056	2	302.5	45	8.10	1340	21.30	1.64
2015	H	F057	0	124.0	46	8.00	1497	20.60	9.85
2015	H	F058	0	302.8	45	4.90	1408	21.40	1.54
2015	H	F059	1	297.0	45	5.23	1479	21.36	2.03
2015	H	F060	0	298.0	45	9.98	1490	21.38	2.75
2015	H	F061	0	178.0	47	9.10	1625	21.69	4.04
2015	H	F062	1	291.0	47	10.03	1602	21.76	1.92
2015	H	F063	1	307.0	45	4.23	1495	21.30	2.56
2015	H	F064	0	162.0	47	11.65	1555	21.61	4.59
2015	H	F065	1	296.0	46	7.10	1483	21.40	2.83
2015	H	F066	0	305.0	46	9.53	1498	21.42	2.11
2015	H	F067	1	293.0	47	7.08	1530	21.71	1.64
2015	H	F069	0	297.5	47	3.15	1645	21.90	1.35
2015	H	F070	1	295.0	46	8.15	1495	21.49	2.34
2015	H	F071	0	296.0	46	6.40	1532	21.46	2.76
2015	H	F073	0	302.1	47	7.23	1560	21.80	1.48
2015	H	F074	0	144.6	47	5.08	1430	21.60	6.50
2015	H	F075	0	299.8	47	2.55	1380	21.70	1.28
2015	H	F076	0	304.0	48	10.83	1460	21.91	2.04
2015	H	F077	0	301.0	75	4.50	1380	12.83	1.26
2015	H	F078	2	306.0	48	3.88	1417	21.85	2.84
2015	H	F079	0	295.0	75	5.68	1400	12.93	2.58
2015	H	F080	0	200.0	74	6.30	1515	13.85	4.89
2015	H	F081	2	258.8	75	2.31	1415	13.00	2.37
2015	H	F082	0	314.2	48	5.68	1425	21.70	3.33
2015	H	F083	2	303.4	75	3.48	1460	12.70	1.23
2015	H	F084	2	304.0	48	5.10	1473	21.94	2.07
2015	H	F085	0	289.9	75	6.10	1493	12.90	1.57
2015	H	F086	0	305.0	48	2.50	1492	22.03	2.75
2015	H	F088	0	216.0	74	7.78	1460	13.73	3.60
2015	H	F089	0	303.5	74	3.85	1397	13.20	2.03
2015	H	F090	1	314.7	48	7.03	1514	21.80	4.64
2015	H	F091	0	302.8	74	2.83	1445	13.10	1.48
2015	H	F092	0	303.6	74	5.28	1531	13.30	1.70
2015	H	F094	3	231.0	74	10.78	1500	13.66	3.37
